{
    "camera_angle_x": 0.6911112070083618,
    "frames": [
        {
            "file_path": "./train/r_0",
            "rotation": 0.031415926535897934,
            "transform_matrix": [
                [
                    0.8467175364494324,
                    0.27015063166618347,
                    -0.4583536386489868,
                    -1.8476825952529907
                ],
                [
                    -0.5320427417755127,
                    0.42993026971817017,
                    -0.7294453382492065,
                    -2.94048810005188
                ],
                [
                    0.0,
                    0.8614977598190308,
                    0.5077612400054932,
                    2.0468509197235107
                ],
                [
                    0.0,
                    0.0,
                    0.0,
                    1.0
                ]
            ]
        },
        {
            "file_path": "./train/r_1",
            "rotation": 0.031415926535897934,
            "transform_matrix": [
                [
                    -0.21557015180587769,
                    0.288450688123703,
                    -0.9329124689102173,
                    -3.760690450668335
                ],
                [
                    -0.9764882922172546,
                    -0.0636785477399826,
                    0.2059503197669983,
                    0.8302122950553894
                ],
                [
                    0.0,
                    0.9553748965263367,
                    0.29539594054222107,
                    1.1907790899276733
                ],
                [
                    0.0,
                    0.0,
                    0.0,
                    1.0
                ]
            ]
        },
        {
            "file_path": "./train/r_2",
            "rotation": 0.031415926535897934,
            "transform_matrix": [
                [
                    -0.5523126721382141,
                    -0.7006030678749084,
                    0.4517807960510254,
                    1.8211867809295654
                ],
                [
                    0.8336371183395386,
                    -0.46417316794395447,
                    0.2993200123310089,
                    1.2065976858139038
                ],
                [
                    -1.4901162970204496e-08,
                    0.5419394373893738,
                    0.8404174447059631,
                    3.387831211090088
                ],
                [
                    0.0,
                    0.0,
                    0.0,
                    1.0
                ]
            ]
        },
        {
            "file_path": "./train/r_3",
            "rotation": 0.031415926535897934,
            "transform_matrix": [
                [
                    -0.7584900259971619,
                    -0.30532947182655334,
                    0.5757315158843994,
                    2.320847988128662
                ],
                [
                    0.6516846418380737,
                    -0.35537031292915344,
                    0.6700888276100159,
                    2.701214551925659
                ],
                [
                    2.9802322387695312e-08,
                    0.8834511041641235,
                    0.46852338314056396,
                    1.8886781930923462
                ],
                [
                    0.0,
                    0.0,
                    0.0,
                    1.0
                ]
            ]
        },
        {
            "file_path": "./train/r_4",
            "rotation": 0.031415926535897934,
            "transform_matrix": [
                [
                    0.18860988318920135,
                    0.8547690510749817,
                    -0.48352453112602234,
                    -1.9491498470306396
                ],
                [
                    -0.9820521473884583,
                    0.16416428983211517,
                    -0.09286422282457352,
                    -0.3743476867675781
                ],
                [
                    0.0,
                    0.4923613965511322,
                    0.870390772819519,
                    3.508657693862915
                ],
                [
                    0.0,
                    0.0,
                    0.0,
                    1.0
                ]
            ]
        },
        {
            "file_path": "./train/r_5",
            "rotation": 0.031415926535897934,
            "transform_matrix": [
                [
                    0.5514670610427856,
                    0.4718341827392578,
                    -0.6879363656044006,
                    -2.773160457611084
                ],
                [
                    -0.8341966867446899,
                    0.31191807985305786,
                    -0.4547779858112335,
                    -1.8332687616348267
                ],
                [
                    -1.4901161193847656e-08,
                    0.824669361114502,
                    0.5656149983406067,
                    2.280067205429077
                ],
                [
                    0.0,
                    0.0,
                    0.0,
                    1.0
                ]
            ]
        },
        {
            "file_path": "./train/r_6",
            "rotation": 0.031415926535897934,
            "transform_matrix": [
                [
                    0.2408134788274765,
                    0.7181029915809631,
                    -0.652944803237915,
                    -2.6321046352386475
                ],
                [
                    -0.9705713987350464,
                    0.17817223072052002,
                    -0.1620054990053177,
                    -0.6530650854110718
                ],
                [
                    0.0,
                    0.6727425456047058,
                    0.7398765683174133,
                    2.9825377464294434
                ],
                [
                    0.0,
                    0.0,
                    0.0,
                    1.0
                ]
            ]
        },
        {
            "file_path": "./train/r_7",
            "rotation": 0.031415926535897934,
            "transform_matrix": [
                [
                    -0.1218838170170784,
                    -0.359581857919693,
                    0.9251190423965454,
                    3.729274034500122
                ],
                [
                    0.9925443530082703,
                    -0.04415642097592354,
                    0.11360402405261993,
                    0.45795246958732605
                ],
                [
                    0.0,
                    0.9320680499076843,
                    0.362282931804657,
                    1.460409164428711
                ],
                [
                    0.0,
                    0.0,
                    0.0,
                    1.0
                ]
            ]
        },
        {
            "file_path": "./train/r_8",
            "rotation": 0.031415926535897934,
            "transform_matrix": [
                [
                    0.5488807559013367,
                    -0.458185076713562,
                    0.6991397142410278,
                    2.8183224201202393
                ],
                [
                    0.8359007835388184,
                    0.30085983872413635,
                    -0.459078848361969,
                    -1.850606083869934
                ],
                [
                    1.4901162970204496e-08,
                    0.8363908529281616,
                    0.548133373260498,
                    2.2095963954925537
                ],
                [
                    0.0,
                    0.0,
                    0.0,
                    1.0
                ]
            ]
        },
        {
            "file_path": "./train/r_9",
            "rotation": 0.031415926535897934,
            "transform_matrix": [
                [
                    -0.939474880695343,
                    -0.11169624328613281,
                    0.3238992691040039,
                    1.3056797981262207
                ],
                [
                    0.34261754155158997,
                    -0.3062768280506134,
                    0.8881484270095825,
                    3.5802409648895264
                ],
                [
                    0.0,
                    0.9453667998313904,
                    0.32600846886634827,
                    1.3141822814941406
                ],
                [
                    0.0,
                    0.0,
                    0.0,
                    1.0
                ]
            ]
        },
        {
            "file_path": "./train/r_10",
            "rotation": 0.031415926535897934,
            "transform_matrix": [
                [
                    0.6137282848358154,
                    -0.18317911028862,
                    0.7679733037948608,
                    3.095799446105957
                ],
                [
                    0.7895172834396362,
                    0.1423935890197754,
                    -0.5969811677932739,
                    -2.406507968902588
                ],
                [
                    7.450580152834618e-09,
                    0.9727124571800232,
                    0.23201406002044678,
                    0.935278594493866
                ],
                [
                    0.0,
                    0.0,
                    0.0,
                    1.0
                ]
            ]
        },
        {
            "file_path": "./train/r_11",
            "rotation": 0.031415926535897934,
            "transform_matrix": [
                [
                    -0.32535266876220703,
                    -0.46705907583236694,
                    0.8221930861473083,
                    3.314366340637207
                ],
                [
                    0.9455928206443787,
                    -0.16070227324962616,
                    0.28289419412612915,
                    1.140383005142212
                ],
                [
                    0.0,
                    0.8695001602172852,
                    0.4939326047897339,
                    1.9911060333251953
                ],
                [
                    0.0,
                    0.0,
                    0.0,
                    1.0
                ]
            ]
        },
        {
            "file_path": "./train/r_12",
            "rotation": 0.031415926535897934,
            "transform_matrix": [
                [
                    0.33605825901031494,
                    -0.8149408102035522,
                    0.47216126322746277,
                    1.9033429622650146
                ],
                [
                    0.941841185092926,
                    0.2907789349555969,
                    -0.1684718132019043,
                    -0.6791316270828247
                ],
                [
                    0.0,
                    0.5013173222541809,
                    0.8652635216712952,
                    3.4879887104034424
                ],
                [
                    0.0,
                    0.0,
                    0.0,
                    1.0
                ]
            ]
        },
        {
            "file_path": "./train/r_13",
            "rotation": 0.031415926535897934,
            "transform_matrix": [
                [
                    -0.9284622073173523,
                    -0.0772169753909111,
                    0.36331191658973694,
                    1.4645570516586304
                ],
                [
                    0.3714269697666168,
                    -0.1930205523967743,
                    0.908176839351654,
                    3.660977602005005
                ],
                [
                    0.0,
                    0.9781516194343567,
                    0.2078927755355835,
                    0.8380424976348877
                ],
                [
                    0.0,
                    0.0,
                    0.0,
                    1.0
                ]
            ]
        },
        {
            "file_path": "./train/r_14",
            "rotation": 0.031415926535897934,
            "transform_matrix": [
                [
                    0.2311640828847885,
                    -0.5991086363792419,
                    0.766571581363678,
                    3.090148448944092
                ],
                [
                    0.9729148149490356,
                    0.14234791696071625,
                    -0.18213702738285065,
                    -0.7342177629470825
                ],
                [
                    0.0,
                    0.7879123091697693,
                    0.6157874464988708,
                    2.48231840133667
                ],
                [
                    0.0,
                    0.0,
                    0.0,
                    1.0
                ]
            ]
        },
        {
            "file_path": "./train/r_15",
            "rotation": 0.031415926535897934,
            "transform_matrix": [
                [
                    -0.38848868012428284,
                    0.2510382831096649,
                    -0.8865981101989746,
                    -3.573991537094116
                ],
                [
                    -0.921453595161438,
                    -0.10583879053592682,
                    0.37379345297813416,
                    1.5068097114562988
                ],
                [
                    0.0,
                    0.9621734619140625,
                    0.27243727445602417,
                    1.0982298851013184
                ],
                [
                    0.0,
                    0.0,
                    0.0,
                    1.0
                ]
            ]
        },
        {
            "file_path": "./train/r_16",
            "rotation": 0.031415926535897934,
            "transform_matrix": [
                [
                    -0.39368972182273865,
                    -0.743877649307251,
                    0.5400503277778625,
                    2.1770124435424805
                ],
                [
                    0.919243335723877,
                    -0.3185848295688629,
                    0.2312905341386795,
                    0.9323619604110718
                ],
                [
                    -1.4901160305669237e-08,
                    0.5874943137168884,
                    0.809228241443634,
                    3.262103319168091
                ],
                [
                    0.0,
                    0.0,
                    0.0,
                    1.0
                ]
            ]
        },
        {
            "file_path": "./train/r_17",
            "rotation": 0.031415926535897934,
            "transform_matrix": [
                [
                    -0.513836145401001,
                    0.7998820543289185,
                    -0.31009846925735474,
                    -1.2500470876693726
                ],
                [
                    -0.8578883409500122,
                    -0.4790930151939392,
                    0.18573489785194397,
                    0.7487213611602783
                ],
                [
                    0.0,
                    0.3614670932292938,
                    0.9323847889900208,
                    3.75856351852417
                ],
                [
                    0.0,
                    0.0,
                    0.0,
                    1.0
                ]
            ]
        },
        {
            "file_path": "./train/r_18",
            "rotation": 0.031415926535897934,
            "transform_matrix": [
                [
                    0.08880297839641571,
                    -0.585696816444397,
                    0.8056508302688599,
                    3.2476823329925537
                ],
                [
                    0.9960492849349976,
                    0.05221791937947273,
                    -0.0718279704451561,
                    -0.28954780101776123
                ],
                [
                    3.725290742551124e-09,
                    0.8088463544845581,
                    0.5880199670791626,
                    2.3703842163085938
                ],
                [
                    0.0,
                    0.0,
                    0.0,
                    1.0
                ]
            ]
        },
        {
            "file_path": "./train/r_19",
            "rotation": 0.031415926535897934,
            "transform_matrix": [
                [
                    -0.8062574863433838,
                    -0.4041315019130707,
                    0.432002991437912,
                    1.741459846496582
                ],
                [
                    0.5915648341178894,
                    -0.5508002042770386,
                    0.5887869000434875,
                    2.373476266860962
                ],
                [
                    0.0,
                    0.730271577835083,
                    0.6831567883491516,
                    2.7538933753967285
                ],
                [
                    0.0,
                    0.0,
                    0.0,
                    1.0
                ]
            ]
        },
        {
            "file_path": "./train/r_20",
            "rotation": 0.031415926535897934,
            "transform_matrix": [
                [
                    0.9976803660392761,
                    0.02375076338648796,
                    -0.06379292160272598,
                    -0.25715750455856323
                ],
                [
                    -0.06807080656290054,
                    0.34810328483581543,
                    -0.9349815249443054,
                    -3.769031047821045
                ],
                [
                    1.8626449271863521e-09,
                    0.9371551871299744,
                    0.34891262650489807,
                    1.4065117835998535
                ],
                [
                    0.0,
                    0.0,
                    0.0,
                    1.0
                ]
            ]
        },
        {
            "file_path": "./train/r_21",
            "rotation": 0.031415926535897934,
            "transform_matrix": [
                [
                    0.7656052708625793,
                    0.4103759825229645,
                    -0.4954189360141754,
                    -1.9970977306365967
                ],
                [
                    -0.6433104872703552,
                    0.48838937282562256,
                    -0.5895991921424866,
                    -2.3767507076263428
                ],
                [
                    -2.9802322387695312e-08,
                    0.7701085209846497,
                    0.6379126906394958,
                    2.5715086460113525
                ],
                [
                    0.0,
                    0.0,
                    0.0,
                    1.0
                ]
            ]
        },
        {
            "file_path": "./train/r_22",
            "rotation": 0.031415926535897934,
            "transform_matrix": [
                [
                    -0.5944176912307739,
                    -0.7848724126815796,
                    0.17505042254924774,
                    0.705650806427002
                ],
                [
                    0.8041564226150513,
                    -0.5801633596420288,
                    0.129394069314003,
                    0.5216041803359985
                ],
                [
                    7.450580596923828e-09,
                    0.21768192946910858,
                    0.9760197401046753,
                    3.9344613552093506
                ],
                [
                    0.0,
                    0.0,
                    0.0,
                    1.0
                ]
            ]
        },
        {
            "file_path": "./train/r_23",
            "rotation": 0.031415926535897934,
            "transform_matrix": [
                [
                    -0.7612419128417969,
                    -0.33116257190704346,
                    0.557532012462616,
                    2.247483491897583
                ],
                [
                    0.6484678387641907,
                    -0.38875457644462585,
                    0.6544916033744812,
                    2.6383399963378906
                ],
                [
                    0.0,
                    0.8597680926322937,
                    0.510684609413147,
                    2.0586354732513428
                ],
                [
                    0.0,
                    0.0,
                    0.0,
                    1.0
                ]
            ]
        },
        {
            "file_path": "./train/r_24",
            "rotation": 0.031415926535897934,
            "transform_matrix": [
                [
                    0.9997801184654236,
                    0.007636216003447771,
                    -0.019525248557329178,
                    -0.07870880514383316
                ],
                [
                    -0.02096537873148918,
                    0.36414968967437744,
                    -0.9311043620109558,
                    -3.7534019947052
                ],
                [
                    -9.313224080820248e-10,
                    0.9313092231750488,
                    0.3642297089099884,
                    1.4682570695877075
                ],
                [
                    0.0,
                    0.0,
                    0.0,
                    1.0
                ]
            ]
        },
        {
            "file_path": "./train/r_25",
            "rotation": 0.031415926535897934,
            "transform_matrix": [
                [
                    -0.6970434784889221,
                    0.6921302676200867,
                    -0.18731273710727692,
                    -0.7550817728042603
                ],
                [
                    -0.7170288562774658,
                    -0.6728388667106628,
                    0.1820918470621109,
                    0.7340357303619385
                ],
                [
                    -1.4901161193847656e-08,
                    0.2612345814704895,
                    0.9652753472328186,
                    3.8911492824554443
                ],
                [
                    0.0,
                    0.0,
                    0.0,
                    1.0
                ]
            ]
        },
        {
            "file_path": "./train/r_26",
            "rotation": 0.031415926535897934,
            "transform_matrix": [
                [
                    -0.9934269189834595,
                    -0.05171332135796547,
                    0.10211997479200363,
                    0.4116588234901428
                ],
                [
                    0.11446727812290192,
                    -0.44880425930023193,
                    0.8862684369087219,
                    3.572662591934204
                ],
                [
                    -7.450580596923828e-09,
                    0.8921324014663696,
                    0.4517737627029419,
                    1.8211584091186523
                ],
                [
                    0.0,
                    0.0,
                    0.0,
                    1.0
                ]
            ]
        },
        {
            "file_path": "./train/r_27",
            "rotation": 0.031415926535897934,
            "transform_matrix": [
                [
                    -0.5276453495025635,
                    -0.36696648597717285,
                    0.7661109566688538,
                    3.088292121887207
                ],
                [
                    0.8494648933410645,
                    -0.2279413491487503,
                    0.4758700430393219,
                    1.9182934761047363
                ],
                [
                    0.0,
                    0.901874840259552,
                    0.43199726939201355,
                    1.7414367198944092
                ],
                [
                    0.0,
                    0.0,
                    0.0,
                    1.0
                ]
            ]
        },
        {
            "file_path": "./train/r_28",
            "rotation": 0.031415926535897934,
            "transform_matrix": [
                [
                    -0.713767409324646,
                    -0.10725829005241394,
                    0.6921210289001465,
                    2.790029287338257
                ],
                [
                    0.700382649898529,
                    -0.10930805653333664,
                    0.7053478956222534,
                    2.843348503112793
                ],
                [
                    0.0,
                    0.9882040619850159,
                    0.15314237773418427,
                    0.6173367500305176
                ],
                [
                    0.0,
                    0.0,
                    0.0,
                    1.0
                ]
            ]
        },
        {
            "file_path": "./train/r_29",
            "rotation": 0.031415926535897934,
            "transform_matrix": [
                [
                    0.7719458937644958,
                    0.6146082282066345,
                    -0.16234609484672546,
                    -0.6544380187988281
                ],
                [
                    -0.6356881856918335,
                    0.7463474869728088,
                    -0.19714444875717163,
                    -0.7947146892547607
                ],
                [
                    0.0,
                    0.2553864121437073,
                    0.9668390154838562,
                    3.8974528312683105
                ],
                [
                    0.0,
                    0.0,
                    0.0,
                    1.0
                ]
            ]
        },
        {
            "file_path": "./train/r_30",
            "rotation": 0.031415926535897934,
            "transform_matrix": [
                [
                    0.5114877820014954,
                    -0.8088994026184082,
                    0.289934366941452,
                    1.1687629222869873
                ],
                [
                    0.8592906594276428,
                    0.48149269819259644,
                    -0.172581747174263,
                    -0.6956993341445923
                ],
                [
                    -1.4901162970204496e-08,
                    0.3374113142490387,
                    0.9413571953773499,
                    3.7947325706481934
                ],
                [
                    0.0,
                    0.0,
                    0.0,
                    1.0
                ]
            ]
        },
        {
            "file_path": "./train/r_31",
            "rotation": 0.031415926535897934,
            "transform_matrix": [
                [
                    -0.11542149633169174,
                    0.36013665795326233,
                    -0.9257318377494812,
                    -3.7317445278167725
                ],
                [
                    -0.9933165907859802,
                    -0.041847195476293564,
                    0.10756827890872955,
                    0.4336216449737549
                ],
                [
                    0.0,
                    0.9319605827331543,
                    0.3625597357749939,
                    1.4615252017974854
                ],
                [
                    0.0,
                    0.0,
                    0.0,
                    1.0
                ]
            ]
        },
        {
            "file_path": "./train/r_32",
            "rotation": 0.031415926535897934,
            "transform_matrix": [
                [
                    -0.8596133589744568,
                    -0.07524342089891434,
                    0.5053742527961731,
                    2.037229061126709
                ],
                [
                    0.5109449625015259,
                    -0.12658946216106415,
                    0.8502412438392639,
                    3.4274322986602783
                ],
                [
                    0.0,
                    0.9890972971916199,
                    0.14726322889328003,
                    0.5936371088027954
                ],
                [
                    0.0,
                    0.0,
                    0.0,
                    1.0
                ]
            ]
        },
        {
            "file_path": "./train/r_33",
            "rotation": 0.031415926535897934,
            "transform_matrix": [
                [
                    0.8075607419013977,
                    -0.17703862488269806,
                    0.5625858306884766,
                    2.2678563594818115
                ],
                [
                    0.5897843241691589,
                    0.24240973591804504,
                    -0.7703193426132202,
                    -3.1052567958831787
                ],
                [
                    0.0,
                    0.9538840651512146,
                    0.30017518997192383,
                    1.2100449800491333
                ],
                [
                    0.0,
                    0.0,
                    0.0,
                    1.0
                ]
            ]
        },
        {
            "file_path": "./train/r_34",
            "rotation": 0.031415926535897934,
            "transform_matrix": [
                [
                    -0.9995899796485901,
                    0.020913587883114815,
                    -0.019558878615498543,
                    -0.078844353556633
                ],
                [
                    -0.028634386137127876,
                    -0.7300667762756348,
                    0.682775616645813,
                    2.7523562908172607
                ],
                [
                    9.313225746154785e-10,
                    0.6830555200576782,
                    0.7303663492202759,
                    2.9442005157470703
                ],
                [
                    0.0,
                    0.0,
                    0.0,
                    1.0
                ]
            ]
        },
        {
            "file_path": "./train/r_35",
            "rotation": 0.031415926535897934,
            "transform_matrix": [
                [
                    0.3682883083820343,
                    -0.5651441216468811,
                    0.7382248044013977,
                    2.975879430770874
                ],
                [
                    0.9297116994857788,
                    0.22387152910232544,
                    -0.2924342751502991,
                    -1.1788402795791626
                ],
                [
                    0.0,
                    0.7940362691879272,
                    0.60787034034729,
                    2.4504036903381348
                ],
                [
                    0.0,
                    0.0,
                    0.0,
                    1.0
                ]
            ]
        },
        {
            "file_path": "./train/r_36",
            "rotation": 0.031415926535897934,
            "transform_matrix": [
                [
                    0.2326335310935974,
                    0.9710733890533447,
                    -0.053834665566682816,
                    -0.21701446175575256
                ],
                [
                    -0.9725644588470459,
                    0.23227688670158386,
                    -0.012877036817371845,
                    -0.05190899223089218
                ],
                [
                    9.313225191043273e-10,
                    0.055353086441755295,
                    0.9984667897224426,
                    4.0249481201171875
                ],
                [
                    0.0,
                    0.0,
                    0.0,
                    1.0
                ]
            ]
        },
        {
            "file_path": "./train/r_37",
            "rotation": 0.031415926535897934,
            "transform_matrix": [
                [
                    -0.7546100616455078,
                    -0.4538019001483917,
                    0.47394877672195435,
                    1.9105486869812012
                ],
                [
                    0.6561734676361084,
                    -0.5218794941902161,
                    0.545048713684082,
                    2.1971616744995117
                ],
                [
                    1.4901161193847656e-08,
                    0.722291886806488,
                    0.6915883421897888,
                    2.787881851196289
                ],
                [
                    0.0,
                    0.0,
                    0.0,
                    1.0
                ]
            ]
        },
        {
            "file_path": "./train/r_38",
            "rotation": 0.031415926535897934,
            "transform_matrix": [
                [
                    0.32896095514297485,
                    0.936184823513031,
                    -0.12386547029018402,
                    -0.4993177056312561
                ],
                [
                    -0.9443435668945312,
                    0.3261188566684723,
                    -0.04314839094877243,
                    -0.17393673956394196
                ],
                [
                    -3.725290298461914e-09,
                    0.13116540014743805,
                    0.9913604259490967,
                    3.9963018894195557
                ],
                [
                    0.0,
                    0.0,
                    0.0,
                    1.0
                ]
            ]
        },
        {
            "file_path": "./train/r_39",
            "rotation": 0.031415926535897934,
            "transform_matrix": [
                [
                    -0.49626097083091736,
                    -0.7483298778533936,
                    0.440144807100296,
                    1.7742804288864136
                ],
                [
                    0.8681734800338745,
                    -0.4277566075325012,
                    0.25159338116645813,
                    1.0142053365707397
                ],
                [
                    0.0,
                    0.506977915763855,
                    0.8619589805603027,
                    3.47466778755188
                ],
                [
                    0.0,
                    0.0,
                    0.0,
                    1.0
                ]
            ]
        },
        {
            "file_path": "./train/r_40",
            "rotation": 0.031415926535897934,
            "transform_matrix": [
                [
                    -0.9458652138710022,
                    -0.13870953023433685,
                    0.2934257388114929,
                    1.1828370094299316
                ],
                [
                    0.3245597183704376,
                    -0.40424153208732605,
                    0.8551313877105713,
                    3.4471449851989746
                ],
                [
                    0.0,
                    0.904073178768158,
                    0.42737752199172974,
                    1.7228138446807861
                ],
                [
                    0.0,
                    0.0,
                    0.0,
                    1.0
                ]
            ]
        },
        {
            "file_path": "./train/r_41",
            "rotation": 0.031415926535897934,
            "transform_matrix": [
                [
                    0.6766971945762634,
                    0.4536137878894806,
                    -0.5799270868301392,
                    -2.3377609252929688
                ],
                [
                    -0.7362613677978516,
                    0.41691604256629944,
                    -0.5330104827880859,
                    -2.1486339569091797
                ],
                [
                    0.0,
                    0.7876645922660828,
                    0.6161041855812073,
                    2.483595371246338
                ],
                [
                    0.0,
                    0.0,
                    0.0,
                    1.0
                ]
            ]
        },
        {
            "file_path": "./train/r_42",
            "rotation": 0.031415926535897934,
            "transform_matrix": [
                [
                    0.9716771841049194,
                    -0.1311546415090561,
                    0.19657553732395172,
                    0.7924214005470276
                ],
                [
                    0.23631228506565094,
                    0.5392863154411316,
                    -0.8082862496376038,
                    -3.2583062648773193
                ],
                [
                    -7.450580596923828e-09,
                    0.8318465352058411,
                    0.5550056099891663,
                    2.2372994422912598
                ],
                [
                    0.0,
                    0.0,
                    0.0,
                    1.0
                ]
            ]
        },
        {
            "file_path": "./train/r_43",
            "rotation": 0.031415926535897934,
            "transform_matrix": [
                [
                    0.8993703722953796,
                    -0.2555619180202484,
                    0.3547126054763794,
                    1.4298924207687378
                ],
                [
                    0.4371875524520874,
                    0.5257350206375122,
                    -0.7297051548957825,
                    -2.941535711288452
                ],
                [
                    0.0,
                    0.8113511800765991,
                    0.5845589637756348,
                    2.3564326763153076
                ],
                [
                    0.0,
                    0.0,
                    0.0,
                    1.0
                ]
            ]
        },
        {
            "file_path": "./train/r_44",
            "rotation": 0.031415926535897934,
            "transform_matrix": [
                [
                    0.938908576965332,
                    -0.18769384920597076,
                    0.28848153352737427,
                    1.1629061698913574
                ],
                [
                    0.34416645765304565,
                    0.5120410323143005,
                    -0.7869964241981506,
                    -3.1724836826324463
                ],
                [
                    0.0,
                    0.8382032513618469,
                    0.5453578233718872,
                    2.1984074115753174
                ],
                [
                    0.0,
                    0.0,
                    0.0,
                    1.0
                ]
            ]
        },
        {
            "file_path": "./train/r_45",
            "rotation": 0.031415926535897934,
            "transform_matrix": [
                [
                    0.6739414930343628,
                    -0.5611568689346313,
                    0.48052656650543213,
                    1.9370646476745605
                ],
                [
                    0.7387847900390625,
                    0.5119040012359619,
                    -0.4383506774902344,
                    -1.7670482397079468
