{
    "camera_angle_x": 0.6911112070083618,
    "frames": [
        {
            "file_path": "./train/r_0",
            "rotation": 0.031415926535897934,
            "transform_matrix": [
                [
                    0.779039740562439,
                    -0.5386951565742493,
                    0.32078757882118225,
                    1.2931362390518188
                ],
                [
                    0.6269745826721191,
                    0.6693491339683533,
                    -0.39859074354171753,
                    -1.6067707538604736
                ],
                [
                    1.4901161193847656e-08,
                    0.511643648147583,
                    0.8591976761817932,
                    3.4635367393493652
                ],
                [
                    0.0,
                    0.0,
                    0.0,
                    1.0
                ]
            ]
        },
        {
            "file_path": "./train/r_1",
            "rotation": 0.031415926535897934,
            "transform_matrix": [
                [
                    -0.44482895731925964,
                    -0.49934083223342896,
                    0.7434957027435303,
                    2.997127056121826
                ],
                [
                    0.8956155180931091,
                    -0.2480096071958542,
                    0.3692750036716461,
                    1.4885951280593872
                ],
                [
                    0.0,
                    0.8301505446434021,
                    0.5575392842292786,
                    2.2475128173828125
                ],
                [
                    0.0,
                    0.0,
                    0.0,
                    1.0
                ]
            ]
        },
        {
            "file_path": "./train/r_2",
            "rotation": 0.031415926535897934,
            "transform_matrix": [
                [
                    -0.39541035890579224,
                    0.4780806005001068,
                    -0.7842764854431152,
                    -3.1615195274353027
                ],
                [
                    -0.918504536151886,
                    -0.20581066608428955,
                    0.33762603998184204,
                    1.3610141277313232
                ],
                [
                    0.0,
                    0.8538624048233032,
                    0.5204988121986389,
                    2.0981979370117188
                ],
                [
                    0.0,
                    0.0,
                    0.0,
                    1.0
                ]
            ]
        },
        {
            "file_path": "./train/r_3",
            "rotation": 0.031415926535897934,
            "transform_matrix": [
                [
                    0.8601710796356201,
                    -0.4431988596916199,
                    0.25235000252723694,
                    1.0172555446624756
                ],
                [
                    0.5100056529045105,
                    0.7474953532218933,
                    -0.42561131715774536,
                    -1.7156941890716553
                ],
                [
                    -1.4901161193847656e-08,
                    0.49479836225509644,
                    0.8690077066421509,
                    3.503082275390625
                ],
                [
                    0.0,
                    0.0,
                    0.0,
                    1.0
                ]
            ]
        },
        {
            "file_path": "./train/r_4",
            "rotation": 0.031415926535897934,
            "transform_matrix": [
                [
                    -0.3850177228450775,
                    -0.513670027256012,
                    0.7667492032051086,
                    3.090865135192871
                ],
                [
                    0.9229092597961426,
                    -0.2142919898033142,
                    0.31987112760543823,
                    1.2894418239593506
                ],
                [
                    0.0,
                    0.8307960033416748,
                    0.5565769076347351,
                    2.243633508682251
                ],
                [
                    0.0,
                    0.0,
                    0.0,
                    1.0
                ]
            ]
        },
        {
            "file_path": "./train/r_5",
            "rotation": 0.031415926535897934,
            "transform_matrix": [
                [
                    -0.4907152056694031,
                    0.7551575303077698,
                    -0.43466728925704956,
                    -1.7521998882293701
                ],
                [
                    -0.8713200688362122,
                    -0.4252941310405731,
                    0.24479849636554718,
                    0.9868143200874329
                ],
                [
                    -2.9802322387695312e-08,
                    0.4988606870174408,
                    0.8666821718215942,
                    3.4937076568603516
                ],
                [
                    0.0,
                    0.0,
                    0.0,
                    1.0
                ]
            ]
        },
        {
            "file_path": "./train/r_6",
            "rotation": 0.031415926535897934,
            "transform_matrix": [
                [
                    -0.7117244601249695,
                    0.3602193593978882,
                    -0.6030672788619995,
                    -2.431042194366455
                ],
                [
                    -0.7024587392807007,
                    -0.3649708330631256,
                    0.6110220551490784,
                    2.463109016418457
                ],
                [
                    0.0,
                    0.8585092425346375,
                    0.5127978920936584,
                    2.0671546459198
                ],
                [
                    0.0,
                    0.0,
                    0.0,
                    1.0
                ]
            ]
        },
        {
            "file_path": "./train/r_7",
            "rotation": 0.031415926535897934,
            "transform_matrix": [
                [
                    0.9909425377845764,
                    0.11517109721899033,
                    -0.069054014980793,
                    -0.2783656716346741
                ],
                [
                    -0.13428638875484467,
                    0.849884569644928,
                    -0.5095717906951904,
                    -2.054149866104126
                ],
                [
                    0.0,
                    0.5142293572425842,
                    0.8576525449752808,
                    3.457308292388916
                ],
                [
                    0.0,
                    0.0,
                    0.0,
                    1.0
                ]
            ]
        },
        {
            "file_path": "./train/r_8",
            "rotation": 0.031415926535897934,
            "transform_matrix": [
                [
                    0.09759796410799026,
                    0.9373160004615784,
                    -0.3345343768596649,
                    -1.3485511541366577
                ],
                [
                    -0.9952259659767151,
                    0.0919189527630806,
                    -0.03280649334192276,
                    -0.1322472095489502
                ],
                [
                    -1.862645149230957e-09,
                    0.3361392021179199,
                    0.9418123364448547,
                    3.796566963195801
                ],
                [
                    0.0,
                    0.0,
                    0.0,
                    1.0
                ]
            ]
        },
        {
            "file_path": "./train/r_9",
            "rotation": 0.031415926535897934,
            "transform_matrix": [
                [
                    -0.945660412311554,
                    0.3151097595691681,
                    -0.08020070940256119,
                    -0.3232994079589844
                ],
                [
                    -0.3251558542251587,
                    -0.9164430499076843,
                    0.23325011134147644,
                    0.9402612447738647
                ],
                [
                    7.450580596923828e-09,
                    0.24665328860282898,
                    0.9691038727760315,
                    3.9065825939178467
                ],
                [
                    0.0,
                    0.0,
                    0.0,
                    1.0
                ]
            ]
        },
        {
            "file_path": "./train/r_10",
            "rotation": 0.031415926535897934,
            "transform_matrix": [
                [
                    -0.9965894222259521,
                    0.026987513527274132,
                    -0.0779825821518898,
                    -0.3143578767776489
                ],
                [
                    -0.08252036571502686,
                    -0.32592523097991943,
                    0.9417871236801147,
                    3.7964656352996826
                ],
                [
                    0.0,
                    0.9450101852416992,
                    0.3270406424999237,
                    1.318343162536621
                ],
                [
                    0.0,
                    0.0,
                    0.0,
                    1.0
                ]
            ]
        },
        {
            "file_path": "./train/r_11",
            "rotation": 0.031415926535897934,
            "transform_matrix": [
                [
                    -0.1678066998720169,
                    -0.5244240164756775,
                    0.8347576856613159,
                    3.365015983581543
                ],
                [
                    0.985819935798645,
                    -0.08926768600940704,
                    0.14209282398223877,
                    0.572794497013092
                ],
                [
                    -7.450580596923828e-09,
                    0.846764862537384,
                    0.531967282295227,
                    2.1444287300109863
                ],
                [
                    0.0,
                    0.0,
                    0.0,
                    1.0
                ]
            ]
        },
        {
            "file_path": "./train/r_12",
            "rotation": 0.031415926535897934,
            "transform_matrix": [
                [
                    0.9960606098175049,
                    0.02614338882267475,
                    -0.08473371714353561,
                    -0.34157252311706543
                ],
                [
                    -0.08867514133453369,
                    0.29366064071655273,
                    -0.9517878293991089,
                    -3.8367793560028076
                ],
                [
                    0.0,
                    0.9555521011352539,
                    0.2948220670223236,
                    1.1884657144546509
                ],
                [
                    0.0,
                    0.0,
                    0.0,
                    1.0
                ]
            ]
        },
        {
            "file_path": "./train/r_13",
            "rotation": 0.031415926535897934,
            "transform_matrix": [
                [
                    -0.7731357216835022,
                    -0.5860943794250488,
                    0.2423933744430542,
                    0.977118968963623
                ],
                [
                    0.6342405676841736,
                    -0.7144458293914795,
                    0.29547619819641113,
                    1.1911026239395142
                ],
                [
                    -1.4901159417490817e-08,
                    0.3821789026260376,
                    0.9240883588790894,
                    3.7251193523406982
                ],
                [
                    0.0,
                    0.0,
                    0.0,
                    1.0
                ]
            ]
        },
        {
            "file_path": "./train/r_14",
            "rotation": 0.031415926535897934,
            "transform_matrix": [
                [
                    -0.07197732478380203,
                    -0.8275972008705139,
                    0.5566883683204651,
                    2.2440829277038574
                ],
                [
                    0.9974063038825989,
                    -0.0597231425344944,
                    0.04017313942313194,
                    0.16194312274456024
                ],
                [
                    0.0,
                    0.5581361055374146,
                    0.8297492861747742,
                    3.3448266983032227
                ],
                [
                    0.0,
                    0.0,
                    0.0,
                    1.0
                ]
            ]
        },
        {
            "file_path": "./train/r_15",
            "rotation": 0.031415926535897934,
            "transform_matrix": [
                [
                    0.8467007875442505,
                    -0.3847096264362335,
                    0.36755457520484924,
                    1.481660008430481
                ],
                [
                    0.5320695042610168,
                    0.6122018694877625,
                    -0.5849024057388306,
                    -2.3578171730041504
                ],
                [
                    -1.4901162970204496e-08,
                    0.6908019185066223,
                    0.7230439782142639,
                    2.9146838188171387
                ],
                [
                    0.0,
                    0.0,
                    0.0,
                    1.0
                ]
            ]
        },
        {
            "file_path": "./train/r_16",
            "rotation": 0.031415926535897934,
            "transform_matrix": [
                [
                    -0.8803593516349792,
                    -0.07129962742328644,
                    0.46891772747039795,
                    1.8902679681777954
                ],
                [
                    0.47430741786956787,
                    -0.13233883678913116,
                    0.8703555464744568,
                    3.5085155963897705
                ],
                [
                    0.0,
                    0.9886367917060852,
                    0.15032364428043365,
                    0.6059740781784058
                ],
                [
                    0.0,
                    0.0,
                    0.0,
                    1.0
                ]
            ]
        },
        {
            "file_path": "./train/r_17",
            "rotation": 0.031415926535897934,
            "transform_matrix": [
                [
                    0.5653016567230225,
                    -0.17492687702178955,
                    0.8061230778694153,
                    3.2495861053466797
                ],
                [
                    0.8248841166496277,
                    0.11987922340631485,
                    -0.552444577217102,
                    -2.226975440979004
                ],
                [
                    0.0,
                    0.977256178855896,
                    0.2120623141527176,
                    0.8548505306243896
                ],
                [
                    0.0,
                    0.0,
                    0.0,
                    1.0
                ]
            ]
        },
        {
            "file_path": "./train/r_18",
            "rotation": 0.031415926535897934,
            "transform_matrix": [
                [
                    0.7351778745651245,
                    -0.2601012587547302,
                    0.6259877681732178,
                    2.5234375
                ],
                [
                    0.6778741478919983,
                    0.2820887863636017,
                    -0.6789053678512573,
                    -2.736755132675171
                ],
                [
                    0.0,
                    0.9234572052955627,
                    0.3837014138698578,
                    1.5467498302459717
                ],
                [
                    0.0,
                    0.0,
                    0.0,
                    1.0
                ]
            ]
        },
        {
            "file_path": "./train/r_19",
            "rotation": 0.031415926535897934,
            "transform_matrix": [
                [
                    0.9015352129936218,
                    -0.06051182374358177,
                    0.42845356464385986,
                    1.7271515130996704
                ],
                [
                    0.4327055811882019,
                    0.12607543170452118,
                    -0.8926761746406555,
                    -3.5984928607940674
                ],
                [
                    -7.450580152834618e-09,
                    0.9901733994483948,
                    0.13984523713588715,
                    0.5637341737747192
                ],
                [
                    0.0,
                    0.0,
                    0.0,
                    1.0
                ]
            ]
        },
        {
            "file_path": "./train/r_20",
            "rotation": 0.031415926535897934,
            "transform_matrix": [
                [
                    -0.16931350529193878,
                    0.2202855795621872,
                    -0.9606284499168396,
                    -3.872417449951172
                ],
                [
                    -0.985562264919281,
                    -0.037843700498342514,
                    0.16503003239631653,
                    0.6652573943138123
                ],
                [
                    3.725290742551124e-09,
                    0.9747009873390198,
                    0.22351258993148804,
                    0.901008129119873
                ],
                [
                    0.0,
                    0.0,
                    0.0,
                    1.0
                ]
            ]
        },
        {
            "file_path": "./train/r_21",
            "rotation": 0.031415926535897934,
            "transform_matrix": [
                [
                    -0.950130820274353,
                    0.140159472823143,
                    -0.2785801887512207,
                    -1.1229926347732544
                ],
                [
                    -0.3118519186973572,
                    -0.4270290732383728,
                    0.8487606048583984,
                    3.4214634895324707
                ],
                [
                    0.0,
                    0.8933093547821045,
                    0.44944238662719727,
                    1.8117601871490479
                ],
                [
                    0.0,
                    0.0,
                    0.0,
                    1.0
                ]
            ]
        },
        {
            "file_path": "./train/r_22",
            "rotation": 0.031415926535897934,
            "transform_matrix": [
                [
                    0.9306363463401794,
                    -0.3315318524837494,
                    0.15492841601371765,
                    0.624536395072937
                ],
                [
                    0.36594560742378235,
                    0.8431187272071838,
                    -0.39399847388267517,
                    -1.5882586240768433
                ],
                [
                    0.0,
                    0.42336463928222656,
                    0.9059593677520752,
                    3.652039051055908
                ],
                [
                    0.0,
                    0.0,
                    0.0,
                    1.0
                ]
            ]
        },
        {
            "file_path": "./train/r_23",
            "rotation": 0.031415926535897934,
            "transform_matrix": [
                [
                    0.8198906779289246,
                    0.21965523064136505,
                    -0.5287066698074341,
                    -2.131284713745117
                ],
                [
                    -0.5725199580192566,
                    0.31456243991851807,
                    -0.7571468353271484,
                    -3.052156448364258
                ],
                [
                    0.0,
                    0.9234728217124939,
                    0.3836638331413269,
                    1.5465984344482422
                ],
                [
                    0.0,
                    0.0,
                    0.0,
                    1.0
                ]
            ]
        },
        {
            "file_path": "./train/r_24",
            "rotation": 0.031415926535897934,
            "transform_matrix": [
                [
                    -0.09663127362728119,
                    0.9823241233825684,
                    -0.16031712293624878,
                    -0.6462590098381042
                ],
                [
                    -0.9953202605247498,
                    -0.09536953270435333,
                    0.01556448545306921,
                    0.0627424493432045
                ],
                [
                    9.313225746154785e-10,
                    0.16107076406478882,
                    0.9869428277015686,
                    3.9784936904907227
                ],
                [
                    0.0,
                    0.0,
                    0.0,
                    1.0
                ]
            ]
        },
        {
            "file_path": "./train/r_25",
            "rotation": 0.031415926535897934,
            "transform_matrix": [
                [
                    0.9995810985565186,
                    -0.01492597907781601,
                    0.024799002334475517,
                    0.09996797889471054
                ],
                [
                    0.02894435077905655,
                    0.5154624581336975,
                    -0.8564231991767883,
                    -3.452352285385132
                ],
                [
                    -9.313225746154785e-10,
                    0.8567821383476257,
                    0.5156785249710083,
                    2.0787665843963623
                ],
                [
                    0.0,
                    0.0,
                    0.0,
                    1.0
                ]
            ]
        },
        {
            "file_path": "./train/r_26",
            "rotation": 0.031415926535897934,
            "transform_matrix": [
                [
                    -0.968293309211731,
                    0.15677647292613983,
                    -0.19449779391288757,
                    -0.7840457558631897
                ],
                [
                    -0.24981644749641418,
                    -0.6076685786247253,
                    0.7538771033287048,
                    3.038975954055786
                ],
                [
                    -7.450580596923828e-09,
                    0.7785628437995911,
                    0.6275665760040283,
                    2.529802083969116
                ],
                [
                    0.0,
                    0.0,
                    0.0,
                    1.0
                ]
            ]
        },
        {
            "file_path": "./train/r_27",
            "rotation": 0.031415926535897934,
            "transform_matrix": [
                [
                    0.39968279004096985,
                    0.608446478843689,
                    -0.6855993866920471,
                    -2.7637391090393066
                ],
                [
                    -0.9166534543037415,
                    0.26529720425605774,
                    -0.29893770813941956,
                    -1.2050563097000122
                ],
                [
                    0.0,
                    0.7479372620582581,
                    0.6637694835662842,
                    2.6757400035858154
                ],
                [
                    0.0,
                    0.0,
                    0.0,
                    1.0
                ]
            ]
        },
        {
            "file_path": "./train/r_28",
            "rotation": 0.031415926535897934,
            "transform_matrix": [
                [
                    0.585288941860199,
                    -0.15219160914421082,
                    0.7964134812355042,
                    3.2104454040527344
                ],
                [
                    0.8108246922492981,
                    0.10985860973596573,
                    -0.5748863220214844,
                    -2.317440986633301
                ],
                [
                    0.0,
                    0.9822263121604919,
                    0.18769976496696472,
                    0.7566419839859009
                ],
                [
                    0.0,
                    0.0,
                    0.0,
                    1.0
                ]
            ]
        },
        {
            "file_path": "./train/r_29",
            "rotation": 0.031415926535897934,
            "transform_matrix": [
                [
                    0.8664941191673279,
                    0.1858929544687271,
                    -0.4632836878299713,
                    -1.8675563335418701
                ],
                [
                    -0.49918729066848755,
                    0.3226747512817383,
                    -0.8041722774505615,
                    -3.2417221069335938
                ],
                [
                    0.0,
                    0.9280757904052734,
                    0.3723912239074707,
                    1.5011570453643799
                ],
                [
                    0.0,
                    0.0,
                    0.0,
                    1.0
                ]
            ]
        },
        {
            "file_path": "./train/r_30",
            "rotation": 0.031415926535897934,
            "transform_matrix": [
                [
                    0.772418737411499,
                    -0.18925082683563232,
                    0.6062619090080261,
                    2.443920135498047
                ],
                [
                    0.6351137757301331,
                    0.23016485571861267,
                    -0.737329363822937,
                    -2.9722700119018555
                ],
                [
                    1.4901162970204496e-08,
                    0.9545722603797913,
                    0.2979794144630432,
                    1.2011935710906982
                ],
                [
                    0.0,
                    0.0,
                    0.0,
                    1.0
                ]
            ]
        },
        {
            "file_path": "./train/r_31",
            "rotation": 0.031415926535897934,
            "transform_matrix": [
                [
                    0.4818311333656311,
                    0.2508656978607178,
                    -0.8395863175392151,
                    -3.3844807147979736
                ],
                [
                    -0.876264214515686,
                    0.13794346153736115,
                    -0.46166306734085083,
                    -1.8610233068466187
                ],
                [
                    1.4901162970204496e-08,
                    0.958142876625061,
                    0.28629010915756226,
                    1.1540722846984863
                ],
                [
                    0.0,
                    0.0,
                    0.0,
                    1.0
                ]
            ]
        },
        {
            "file_path": "./train/r_32",
            "rotation": 0.031415926535897934,
            "transform_matrix": [
                [
                    -0.6476407647132874,
                    -0.6661531925201416,
                    0.3698666989803314,
                    1.4909803867340088
                ],
                [
                    0.7619457840919495,
                    -0.5662186741828918,
                    0.3143802881240845,
                    1.2673075199127197
                ],
                [
                    0.0,
                    0.4854239225387573,
                    0.8742789030075073,
                    3.5243310928344727
                ],
                [
                    0.0,
                    0.0,
                    0.0,
                    1.0
                ]
            ]
        },
        {
            "file_path": "./train/r_33",
            "rotation": 0.031415926535897934,
            "transform_matrix": [
                [
                    0.9972717761993408,
                    0.027988573536276817,
                    -0.06830635666847229,
                    -0.27535173296928406
                ],
                [
                    -0.0738181546330452,
                    0.3781212568283081,
                    -0.9228082895278931,
                    -3.719959020614624
                ],
                [
                    -1.862645149230957e-09,
                    0.92533278465271,
                    0.3791557550430298,
                    1.528425693511963
                ],
                [
                    0.0,
                    0.0,
                    0.0,
                    1.0
                ]
            ]
        },
        {
            "file_path": "./train/r_34",
            "rotation": 0.031415926535897934,
            "transform_matrix": [
                [
                    0.7208938002586365,
                    0.4224226474761963,
                    -0.5494280457496643,
                    -2.214815378189087
                ],
                [
                    -0.6930454969406128,
                    0.4393966495990753,
                    -0.5715054273605347,
                    -2.303812026977539
                ],
                [
                    0.0,
                    0.7927733659744263,
                    0.609516441822052,
                    2.4570393562316895
                ],
                [
                    0.0,
                    0.0,
                    0.0,
                    1.0
                ]
            ]
        },
        {
            "file_path": "./train/r_35",
            "rotation": 0.031415926535897934,
            "transform_matrix": [
                [
                    0.9961776733398438,
                    -0.059279665350914,
                    0.06415606290102005,
                    0.25862136483192444
                ],
                [
                    0.08735032379627228,
                    0.6760486960411072,
                    -0.7316610813140869,
                    -2.949420213699341
                ],
                [
                    0.0,
                    0.734468400478363,
                    0.6786428093910217,
                    2.73569655418396
                ],
                [
                    0.0,
                    0.0,
                    0.0,
                    1.0
                ]
            ]
        },
        {
            "file_path": "./train/r_36",
            "rotation": 0.031415926535897934,
            "transform_matrix": [
                [
                    -0.8103724122047424,
                    0.2270546704530716,
                    -0.5401321053504944,
                    -2.177342176437378
                ],
                [
                    -0.5859150886535645,
                    -0.31403669714927673,
                    0.7470505237579346,
                    3.0114569664001465
                ],
                [
                    0.0,
                    0.9218606352806091,
                    0.3875214457511902,
                    1.562148928642273
                ],
                [
                    0.0,
                    0.0,
                    0.0,
                    1.0
                ]
            ]
        },
        {
            "file_path": "./train/r_37",
            "rotation": 0.031415926535897934,
            "transform_matrix": [
                [
                    -0.8886186480522156,
                    -0.3607083857059479,
                    0.28327783942222595,
                    1.1419295072555542
                ],
                [
                    0.45864683389663696,
                    -0.6988649368286133,
                    0.5488449335098267,
                    2.2124648094177246
                ],
                [
                    -1.4901162970204496e-08,
                    0.6176382303237915,
                    0.7864621877670288,
                    3.17033052444458
                ],
                [
                    0.0,
                    0.0,
                    0.0,
                    1.0
                ]
            ]
        },
        {
            "file_path": "./train/r_38",
            "rotation": 0.031415926535897934,
            "transform_matrix": [
                [
                    0.8299629092216492,
                    -0.3562202751636505,
                    0.4292651116847992,
                    1.7304229736328125
                ],
                [
                    0.5578184127807617,
                    0.530010461807251,
                    -0.6386919617652893,
                    -2.5746495723724365
                ],
                [
                    2.9802320611338473e-08,
                    0.7695427536964417,
                    0.6385954022407532,
                    2.5742604732513428
                ],
                [
                    0.0,
                    0.0,
                    0.0,
                    1.0
                ]
            ]
        },
        {
            "file_path": "./train/r_39",
            "rotation": 0.031415926535897934,
            "transform_matrix": [
                [
                    -0.07821574807167053,
                    -0.4130023121833801,
                    0.907365083694458,
                    3.657705545425415
                ],
                [
                    0.9969365000724792,
                    -0.03240255266427994,
                    0.07118833065032959,
                    0.2869693338871002
                ],
                [
                    0.0,
                    0.910153329372406,
                    0.41427141427993774,
                    1.6699814796447754
                ],
                [
                    0.0,
                    0.0,
                    0.0,
                    1.0
                ]
            ]
        },
        {
            "file_path": "./train/r_40",
            "rotation": 0.031415926535897934,
            "transform_matrix": [
                [
                    -0.12260600924491882,
                    -0.3597027659416199,
                    0.924976646900177,
                    3.7286996841430664
                ],
                [
                    0.9924554228782654,
                    -0.0444369800388813,
                    0.11426981538534164,
                    0.46063631772994995
                ],
                [
                    0.0,
                    0.9320082068443298,
                    0.3624372184276581,
                    1.4610309600830078
                ],
                [
                    0.0,
                    0.0,
                    0.0,
                    1.0
                ]
            ]
        },
        {
            "file_path": "./train/r_41",
            "rotation": 0.031415926535897934,
            "transform_matrix": [
                [
                    0.9644961357116699,
                    -0.26210689544677734,
                    0.032359663397073746,
                    0.13044598698616028
                ],
                [
                    0.2640969455242157,
                    0.957228422164917,
                    -0.11817920953035355,
                    -0.47639569640159607
                ],
                [
                    -1.862645149230957e-09,
                    0.12252981215715408,
                    0.9924647808074951,
                    4.000753879547119
                ],
                [
                    0.0,
                    0.0,
                    0.0,
                    1.0
                ]
            ]
        },
        {
            "file_path": "./train/r_42",
            "rotation": 0.031415926535897934,
            "transform_matrix": [
                [
                    0.8515046834945679,
                    -0.430215984582901,
                    0.29975664615631104,
                    1.2083576917648315
                ],
                [
                    0.5243470668792725,
                    0.6986420154571533,
                    -0.48678478598594666,
                    -1.962292194366455
                ],
                [
                    0.0,
                    0.5716759562492371,
                    0.8204794526100159,
                    3.3074584007263184
                ],
                [
                    0.0,
                    0.0,
                    0.0,
                    1.0
                ]
            ]
        },
        {
            "file_path": "./train/r_43",
            "rotation": 0.031415926535897934,
            "transform_matrix": [
                [
                    -0.449182391166687,
                    0.41209298372268677,
                    -0.7927260398864746,
                    -3.1955809593200684
                ],
                [
                    -0.8934401273727417,
                    -0.20718221366405487,
                    0.3985477685928345,
                    1.6065974235534668
                ],
                [
                    0.0,
                    0.887273907661438,
                    0.4612429738044739,
                    1.8593299388885498
                ],
                [
                    0.0,
                    0.0,
                    0.0,
                    1.0
                ]
            ]
        },
        {
            "file_path": "./train/r_44",
            "rotation": 0.031415926535897934,
            "transform_matrix": [
                [
                    -0.19534200429916382,
                    0.7253418564796448,
                    -0.6600913405418396,
                    -2.6609132289886475
                ],
                [
                    -0.9807352423667908,
                    -0.14447295665740967,
                    0.13147641718387604,
                    0.5299983620643616
                ],
                [
                    0.0,
                    0.6730576753616333,
                    0.7395899295806885,
                    2.981382369995117
                ],
                [
                    0.0,
                    0.0,
                    0.0,
                    1.0
                ]
            ]
        },
        {
            "file_path": "./train/r_45",
            "rotation": 0.031415926535897934,
            "transform_matrix": [
                [
                    0.3127565085887909,
                    -0.5590285062789917,
                    0.7678999900817871,
                    3.095503807067871
                ],
                [
                    0.949833333492279,
                    0.18407419323921204,
                    -0.25285038352012634,
