{
    "camera_angle_x": 0.6911112070083618,
    "frames": [
        {
            "file_path": "./train/r_0",
            "rotation": 0.031415926535897934,
            "transform_matrix": [
                [
                    0.904425859451294,
                    0.4245060980319977,
                    -0.042526260018348694,
                    -0.1714288294315338
                ],
                [
                    -0.4266309142112732,
                    0.8999214172363281,
                    -0.09015251696109772,
                    -0.3634164035320282
                ],
                [
                    0.0,
                    0.09967944025993347,
                    0.9950196146965027,
                    4.011052131652832
                ],
                [
                    0.0,
                    0.0,
                    0.0,
                    1.0
                ]
            ]
        },
        {
            "file_path": "./train/r_1",
            "rotation": 0.031415926535897934,
            "transform_matrix": [
                [
                    -0.3672090768814087,
                    0.29261502623558044,
                    -0.8829120993614197,
                    -3.5591328144073486
                ],
                [
                    -0.9301384091377258,
                    -0.11552140861749649,
                    0.34856462478637695,
                    1.4051090478897095
                ],
                [
                    -7.450580596923828e-09,
                    0.9492266178131104,
                    0.31459295749664307,
                    1.268164873123169
                ],
                [
                    0.0,
                    0.0,
                    0.0,
                    1.0
                ]
            ]
        },
        {
            "file_path": "./train/r_2",
            "rotation": 0.031415926535897934,
            "transform_matrix": [
                [
                    -0.7980436682701111,
                    -0.3014000654220581,
                    0.5218086242675781,
                    2.103477954864502
                ],
                [
                    0.6025995016098022,
                    -0.3991546630859375,
                    0.6910494565963745,
                    2.7857093811035156
                ],
                [
                    0.0,
                    0.8659293055534363,
                    0.5001664161682129,
                    2.0162353515625
                ],
                [
                    0.0,
                    0.0,
                    0.0,
                    1.0
                ]
            ]
        },
        {
            "file_path": "./train/r_3",
            "rotation": 0.031415926535897934,
            "transform_matrix": [
                [
                    0.9204626083374023,
                    0.2764773368835449,
                    -0.2762407660484314,
                    -1.1135622262954712
                ],
                [
                    -0.3908308148384094,
                    0.6511437892913818,
                    -0.6505866646766663,
                    -2.622598886489868
                ],
                [
                    0.0,
                    0.706804096698761,
                    0.7074092626571655,
                    2.8516581058502197
                ],
                [
                    0.0,
                    0.0,
                    0.0,
                    1.0
                ]
            ]
        },
        {
            "file_path": "./train/r_4",
            "rotation": 0.031415926535897934,
            "transform_matrix": [
                [
                    0.28381624817848206,
                    -0.4747520089149475,
                    0.8331019282341003,
                    3.3583412170410156
                ],
                [
                    0.9588786959648132,
                    0.14052075147628784,
                    -0.24658790230751038,
                    -0.9940275549888611
                ],
                [
                    -7.450580152834618e-09,
                    0.8688293695449829,
                    0.4951116442680359,
                    1.9958587884902954
                ],
                [
                    0.0,
                    0.0,
                    0.0,
                    1.0
                ]
            ]
        },
        {
            "file_path": "./train/r_5",
            "rotation": 0.031415926535897934,
            "transform_matrix": [
                [
                    -0.2397301346063614,
                    -0.37299108505249023,
                    0.8963297605514526,
                    3.6132209300994873
                ],
                [
                    0.9708396196365356,
                    -0.09210295975208282,
                    0.22133135795593262,
                    0.8922152519226074
                ],
                [
                    0.0,
                    0.9232522249221802,
                    0.3841943144798279,
                    1.548736810684204
                ],
                [
                    0.0,
                    0.0,
                    0.0,
                    1.0
                ]
            ]
        },
        {
            "file_path": "./train/r_6",
            "rotation": 0.031415926535897934,
            "transform_matrix": [
                [
                    -0.6599076390266418,
                    0.2937532961368561,
                    -0.691542387008667,
                    -2.787696599960327
                ],
                [
                    -0.7513465881347656,
                    -0.25800347328186035,
                    0.6073815822601318,
                    2.4484333992004395
                ],
                [
                    0.0,
                    0.9204038977622986,
                    0.39096900820732117,
                    1.5760464668273926
                ],
                [
                    0.0,
                    0.0,
                    0.0,
                    1.0
                ]
            ]
        },
        {
            "file_path": "./train/r_7",
            "rotation": 0.031415926535897934,
            "transform_matrix": [
                [
                    -0.9277718663215637,
                    -0.0666743814945221,
                    0.36714303493499756,
                    1.4800008535385132
                ],
                [
                    0.3731480836868286,
                    -0.16577497124671936,
                    0.912841260433197,
                    3.6797807216644287
                ],
                [
                    0.0,
                    0.9839071035385132,
                    0.17868074774742126,
                    0.7202851176261902
                ],
                [
                    0.0,
                    0.0,
                    0.0,
                    1.0
                ]
            ]
        },
        {
            "file_path": "./train/r_8",
            "rotation": 0.031415926535897934,
            "transform_matrix": [
                [
                    0.9692063331604004,
                    -0.1488417685031891,
                    0.1961766630411148,
                    0.7908135652542114
                ],
                [
                    0.2462502270936966,
                    0.5858203172683716,
                    -0.7721238136291504,
                    -3.1125311851501465
                ],
                [
                    0.0,
                    0.7966559529304504,
                    0.6044329404830933,
                    2.43654727935791
                ],
                [
                    0.0,
                    0.0,
                    0.0,
                    1.0
                ]
            ]
        },
        {
            "file_path": "./train/r_9",
            "rotation": 0.031415926535897934,
            "transform_matrix": [
                [
                    0.6366645693778992,
                    0.3953031301498413,
                    -0.6621130108833313,
                    -2.669062852859497
                ],
                [
                    -0.7711408138275146,
                    0.3263677656650543,
                    -0.546649694442749,
                    -2.203615427017212
                ],
                [
                    1.4901160305669237e-08,
                    0.8586149215698242,
                    0.5126212239265442,
                    2.0664422512054443
                ],
                [
                    0.0,
                    0.0,
                    0.0,
                    1.0
                ]
            ]
        },
        {
            "file_path": "./train/r_10",
            "rotation": 0.031415926535897934,
            "transform_matrix": [
                [
                    -0.8521202206611633,
                    -0.24865473806858063,
                    0.4605017602443695,
                    1.856342077255249
                ],
                [
                    0.5233460068702698,
                    -0.40486350655555725,
                    0.7497961521148682,
                    3.0225253105163574
                ],
                [
                    -1.4901161193847656e-08,
                    0.8799183368682861,
                    0.4751248359680176,
                    1.9152896404266357
                ],
                [
                    0.0,
                    0.0,
                    0.0,
                    1.0
                ]
            ]
        },
        {
            "file_path": "./train/r_11",
            "rotation": 0.031415926535897934,
            "transform_matrix": [
                [
                    0.515891969203949,
                    0.11529406160116196,
                    -0.8488594889640808,
                    -3.4218626022338867
                ],
                [
                    -0.8566535711288452,
                    0.06943213194608688,
                    -0.5111982822418213,
                    -2.060706377029419
                ],
                [
                    -3.725290076417309e-09,
                    0.9909018874168396,
                    0.13458652794361115,
                    0.5425357222557068
                ],
                [
                    0.0,
                    0.0,
                    0.0,
                    1.0
                ]
            ]
        },
        {
            "file_path": "./train/r_12",
            "rotation": 0.031415926535897934,
            "transform_matrix": [
                [
                    0.9999881982803345,
                    -0.0033179314341396093,
                    0.0035501981619745493,
                    0.014311307109892368
                ],
                [
                    0.004859277047216892,
                    0.6827954649925232,
                    -0.7305934429168701,
                    -2.9451165199279785
                ],
                [
                    -2.3283061589829401e-10,
                    0.7306021451950073,
                    0.6828033924102783,
                    2.7524688243865967
                ],
                [
                    0.0,
                    0.0,
                    0.0,
                    1.0
                ]
            ]
        },
        {
            "file_path": "./train/r_13",
            "rotation": 0.031415926535897934,
            "transform_matrix": [
                [
                    -0.6466922163963318,
                    0.10030730813741684,
                    -0.7561267018318176,
                    -3.048044204711914
                ],
                [
                    -0.7627511024475098,
                    -0.085044726729393,
                    0.641075849533081,
                    2.584259510040283
                ],
                [
                    0.0,
                    0.9913152456283569,
                    0.1315072625875473,
                    0.5301227569580078
                ],
                [
                    0.0,
                    0.0,
                    0.0,
                    1.0
                ]
            ]
        },
        {
            "file_path": "./train/r_14",
            "rotation": 0.031415926535897934,
            "transform_matrix": [
                [
                    -0.008745095692574978,
                    -0.9366011619567871,
                    0.3502880334854126,
                    1.4120562076568604
                ],
                [
                    0.9999618530273438,
                    -0.00819097924977541,
                    0.003063419135287404,
                    0.012349036522209644
                ],
                [
                    2.3283067140944524e-10,
                    0.3503013253211975,
                    0.9366370439529419,
                    3.7757043838500977
                ],
                [
                    0.0,
                    0.0,
                    0.0,
                    1.0
                ]
            ]
        },
        {
            "file_path": "./train/r_15",
            "rotation": 0.031415926535897934,
            "transform_matrix": [
                [
                    0.3563414216041565,
                    -0.6104885339736938,
                    0.7073361277580261,
                    2.85136342048645
                ],
                [
                    0.9343557953834534,
                    0.23282603919506073,
                    -0.26976144313812256,
                    -1.087443232536316
                ],
                [
                    1.4901161193847656e-08,
                    0.7570309042930603,
                    0.653378963470459,
                    2.633855104446411
                ],
                [
                    0.0,
                    0.0,
                    0.0,
                    1.0
                ]
            ]
        },
        {
            "file_path": "./train/r_16",
            "rotation": 0.031415926535897934,
            "transform_matrix": [
                [
                    0.7741976976394653,
                    0.6160372495651245,
                    -0.14531341195106506,
                    -0.5857771635055542
                ],
                [
                    -0.6329438090324402,
                    0.7535181045532227,
                    -0.17774295806884766,
                    -0.7165048122406006
                ],
                [
                    0.0,
                    0.2295834869146347,
                    0.973288893699646,
                    3.9234533309936523
                ],
                [
                    0.0,
                    0.0,
                    0.0,
                    1.0
                ]
            ]
        },
        {
            "file_path": "./train/r_17",
            "rotation": 0.031415926535897934,
            "transform_matrix": [
                [
                    0.03962354362010956,
                    0.16682396829128265,
                    -0.9851900935173035,
                    -3.971428632736206
                ],
                [
                    -0.9992147088050842,
                    0.006615351419895887,
                    -0.03906739875674248,
                    -0.1574857383966446
                ],
                [
                    0.0,
                    0.9859645962715149,
                    0.16695505380630493,
                    0.6730173826217651
                ],
                [
                    0.0,
                    0.0,
                    0.0,
                    1.0
                ]
            ]
        },
        {
            "file_path": "./train/r_18",
            "rotation": 0.031415926535897934,
            "transform_matrix": [
                [
                    0.6828680038452148,
                    -0.10075327008962631,
                    0.723560631275177,
                    2.916766405105591
                ],
                [
                    0.7305417656898499,
                    0.09417829662561417,
                    -0.6763424277305603,
                    -2.726423740386963
                ],
                [
                    7.450581485102248e-09,
                    0.9904438853263855,
                    0.13791580498218536,
                    0.5559564232826233
                ],
                [
                    0.0,
                    0.0,
                    0.0,
                    1.0
                ]
            ]
        },
        {
            "file_path": "./train/r_19",
            "rotation": 0.031415926535897934,
            "transform_matrix": [
                [
                    -0.9571070671081543,
                    -0.12221764773130417,
                    0.2626954913139343,
                    1.0589594841003418
                ],
                [
                    0.28973451256752014,
                    -0.40373292565345764,
                    0.8677865266799927,
                    3.498159646987915
                ],
                [
                    -7.450580596923828e-09,
                    0.9066765904426575,
                    0.4218263030052185,
                    1.7004363536834717
                ],
                [
                    0.0,
                    0.0,
                    0.0,
                    1.0
                ]
            ]
        },
        {
            "file_path": "./train/r_20",
            "rotation": 0.031415926535897934,
            "transform_matrix": [
                [
                    0.9554307460784912,
                    0.18498805165290833,
                    -0.23006871342658997,
                    -0.9274367094039917
                ],
                [
                    -0.29521554708480835,
                    0.5986922979354858,
                    -0.7445905804634094,
                    -3.0015408992767334
                ],
                [
                    0.0,
                    0.7793245911598206,
                    0.626620352268219,
                    2.5259876251220703
                ],
                [
                    0.0,
                    0.0,
                    0.0,
                    1.0
                ]
            ]
        },
        {
            "file_path": "./train/r_21",
            "rotation": 0.031415926535897934,
            "transform_matrix": [
                [
                    -0.9971034526824951,
                    -0.014361618086695671,
                    0.07468844950199127,
                    0.30107876658439636
                ],
                [
                    0.07605668157339096,
                    -0.1882808655500412,
                    0.97916579246521,
                    3.9471435546875
                ],
                [
                    0.0,
                    0.9820102453231812,
                    0.1888277679681778,
                    0.7611891031265259
                ],
                [
                    0.0,
                    0.0,
                    0.0,
                    1.0
                ]
            ]
        },
        {
            "file_path": "./train/r_22",
            "rotation": 0.031415926535897934,
            "transform_matrix": [
                [
                    -0.7581360340118408,
                    0.48458123207092285,
                    -0.43636074662208557,
                    -1.7590264081954956
                ],
                [
                    -0.6520963907241821,
                    -0.5633807182312012,
                    0.507318913936615,
                    2.0450680255889893
                ],
                [
                    0.0,
                    0.6691660284996033,
                    0.7431129217147827,
                    2.995584011077881
                ],
                [
                    0.0,
                    0.0,
                    0.0,
                    1.0
                ]
            ]
        },
        {
            "file_path": "./train/r_23",
            "rotation": 0.031415926535897934,
            "transform_matrix": [
                [
                    0.990439772605896,
                    0.1305171102285385,
                    -0.04466015845537186,
                    -0.18003085255622864
                ],
                [
                    -0.13794654607772827,
                    0.9370973110198975,
                    -0.32065460085868835,
                    -1.2926000356674194
                ],
                [
                    0.0,
                    0.323749840259552,
                    0.9461427927017212,
                    3.81402325630188
                ],
                [
                    0.0,
                    0.0,
                    0.0,
                    1.0
                ]
            ]
        },
        {
            "file_path": "./train/r_24",
            "rotation": 0.031415926535897934,
            "transform_matrix": [
                [
                    0.991601288318634,
                    -0.0926632285118103,
                    0.09022421389818192,
                    0.36370542645454407
                ],
                [
                    0.12933245301246643,
                    0.7104556560516357,
                    -0.6917555928230286,
                    -2.7885560989379883
                ],
                [
                    7.450580596923828e-09,
                    0.6976147294044495,
                    0.7164731025695801,
                    2.888195514678955
                ],
                [
                    0.0,
                    0.0,
                    0.0,
                    1.0
                ]
            ]
        },
        {
            "file_path": "./train/r_25",
            "rotation": 0.031415926535897934,
            "transform_matrix": [
                [
                    0.6032213568687439,
                    -0.42284858226776123,
                    0.6762566566467285,
                    2.7260777950286865
                ],
                [
                    0.7975738048553467,
                    0.3198090195655823,
                    -0.5114667415618896,
                    -2.061788320541382
                ],
                [
                    0.0,
                    0.8478922247886658,
                    0.5301685929298401,
                    2.1371779441833496
                ],
                [
                    0.0,
                    0.0,
                    0.0,
                    1.0
                ]
            ]
        },
        {
            "file_path": "./train/r_26",
            "rotation": 0.031415926535897934,
            "transform_matrix": [
                [
                    0.9907766580581665,
                    -0.09451019018888474,
                    0.09710568934679031,
                    0.3914455771446228
                ],
                [
                    0.1355053335428238,
                    0.6910317540168762,
                    -0.7100092768669128,
                    -2.8621392250061035
                ],
                [
                    0.0,
                    0.716619074344635,
                    0.6974647045135498,
                    2.811570405960083
                ],
                [
                    0.0,
                    0.0,
                    0.0,
                    1.0
                ]
            ]
        },
        {
            "file_path": "./train/r_27",
            "rotation": 0.031415926535897934,
            "transform_matrix": [
                [
                    0.1351964920759201,
                    0.7462006211280823,
                    -0.6518484354019165,
                    -2.627685308456421
                ],
                [
                    -0.9908187389373779,
                    0.10181853920221329,
                    -0.08894425630569458,
                    -0.35854580998420715
                ],
                [
                    -7.450580152834618e-09,
                    0.6578885912895203,
                    0.7531151175498962,
                    3.0359044075012207
                ],
                [
                    0.0,
                    0.0,
                    0.0,
                    1.0
                ]
            ]
        },
        {
            "file_path": "./train/r_28",
            "rotation": 0.031415926535897934,
            "transform_matrix": [
                [
                    -0.43983492255210876,
                    0.4865829348564148,
                    -0.7548391819000244,
                    -3.0428543090820312
                ],
                [
                    -0.8980786800384521,
                    -0.2383044809103012,
                    0.36968326568603516,
                    1.4902410507202148
                ],
                [
                    1.4901161193847656e-08,
                    0.8405046463012695,
                    0.5418042540550232,
                    2.1840829849243164
                ],
                [
                    0.0,
                    0.0,
                    0.0,
                    1.0
                ]
            ]
        },
        {
            "file_path": "./train/r_29",
            "rotation": 0.031415926535897934,
            "transform_matrix": [
                [
                    -0.9943321347236633,
                    0.018543312326073647,
                    -0.10468842834234238,
                    -0.4220126271247864
                ],
                [
                    -0.10631802678108215,
                    -0.17342506349086761,
                    0.9790914058685303,
                    3.9468441009521484
                ],
                [
                    0.0,
                    0.9846724271774292,
                    0.17441360652446747,
                    0.7030838131904602
                ],
                [
                    0.0,
                    0.0,
                    0.0,
                    1.0
                ]
            ]
        },
        {
            "file_path": "./train/r_30",
            "rotation": 0.031415926535897934,
            "transform_matrix": [
                [
                    0.4385527968406677,
                    0.8863566517829895,
                    -0.14846989512443542,
                    -0.5985012054443359
                ],
                [
                    -0.8987054228782654,
                    0.4325267970561981,
                    -0.07245075702667236,
                    -0.2920583188533783
                ],
                [
                    0.0,
                    0.16520388424396515,
                    0.9862594604492188,
                    3.975738525390625
                ],
                [
                    0.0,
                    0.0,
                    0.0,
                    1.0
                ]
            ]
        },
        {
            "file_path": "./train/r_31",
            "rotation": 0.031415926535897934,
            "transform_matrix": [
                [
                    0.982388973236084,
                    0.12035652995109558,
                    -0.14292095601558685,
                    -0.5761328339576721
                ],
                [
                    -0.18684780597686768,
                    0.6327980160713196,
                    -0.7514349222183228,
                    -3.0291314125061035
                ],
                [
                    0.0,
                    0.7649058699607849,
                    0.6441420316696167,
                    2.5966198444366455
                ],
                [
                    0.0,
                    0.0,
                    0.0,
                    1.0
                ]
            ]
        },
        {
            "file_path": "./train/r_32",
            "rotation": 0.031415926535897934,
            "transform_matrix": [
                [
                    0.8096785545349121,
                    0.23656955361366272,
                    -0.5370804667472839,
                    -2.165040969848633
                ],
                [
                    -0.5868735909461975,
                    0.3263825476169586,
                    -0.7409815788269043,
                    -2.986992597579956
                ],
                [
                    1.4901161193847656e-08,
                    0.915155291557312,
                    0.4031013548374176,
                    1.6249536275863647
                ],
                [
                    0.0,
                    0.0,
                    0.0,
                    1.0
                ]
            ]
        },
        {
            "file_path": "./train/r_33",
            "rotation": 0.031415926535897934,
            "transform_matrix": [
                [
                    -0.2566048800945282,
                    0.7936213612556458,
                    -0.5516510009765625,
                    -2.2237765789031982
                ],
                [
                    -0.966516375541687,
                    -0.21070219576358795,
                    0.1464603692293167,
                    0.5904006958007812
                ],
                [
                    0.0,
                    0.5707621574401855,
                    0.8211153149604797,
                    3.3100218772888184
                ],
                [
                    0.0,
                    0.0,
                    0.0,
                    1.0
                ]
            ]
        },
        {
            "file_path": "./train/r_34",
            "rotation": 0.031415926535897934,
            "transform_matrix": [
                [
                    -0.13012030720710754,
                    -0.44168636202812195,
                    0.8876833915710449,
                    3.578366279602051
                ],
                [
                    0.9914982318878174,
                    -0.057965170592069626,
                    0.11649605631828308,
                    0.46961063146591187
                ],
                [
                    0.0,
                    0.8952950835227966,
                    0.44547367095947266,
                    1.7957618236541748
                ],
                [
                    0.0,
                    0.0,
                    0.0,
                    1.0
                ]
            ]
        },
        {
            "file_path": "./train/r_35",
            "rotation": 0.031415926535897934,
            "transform_matrix": [
                [
                    0.6085348725318909,
                    0.4886191487312317,
                    -0.6252492666244507,
                    -2.520460367202759
                ],
                [
                    -0.7935271859169006,
                    0.37470903992652893,
                    -0.47948700189590454,
                    -1.9328738451004028
                ],
                [
                    2.9802322387695312e-08,
                    0.787936806678772,
                    0.615756094455719,
                    2.482192039489746
                ],
                [
                    0.0,
                    0.0,
                    0.0,
                    1.0
                ]
            ]
        },
        {
            "file_path": "./train/r_36",
            "rotation": 0.031415926535897934,
            "transform_matrix": [
                [
                    -0.8604241013526917,
                    0.2712897062301636,
                    -0.43136096000671387,
                    -1.738871693611145
                ],
                [
                    -0.5095785856246948,
                    -0.4580729603767395,
                    0.7283535003662109,
                    2.936086893081665
                ],
                [
                    1.4901160305669237e-08,
                    0.8465052843093872,
                    0.5323804020881653,
                    2.1460940837860107
                ],
                [
                    0.0,
                    0.0,
                    0.0,
                    1.0
                ]
            ]
        },
        {
            "file_path": "./train/r_37",
            "rotation": 0.031415926535897934,
            "transform_matrix": [
                [
                    -0.8303576707839966,
                    -0.46052467823028564,
                    0.31372469663619995,
                    1.264664649963379
                ],
                [
                    0.5572307705879211,
                    -0.6862510442733765,
                    0.46749696135520935,
                    1.8845405578613281
                ],
                [
                    1.4901161193847656e-08,
                    0.5630066394805908,
                    0.8264523148536682,
                    3.331535816192627
                ],
                [
                    0.0,
                    0.0,
                    0.0,
                    1.0
                ]
            ]
        },
        {
            "file_path": "./train/r_38",
            "rotation": 0.031415926535897934,
            "transform_matrix": [
                [
                    0.35069411993026733,
                    0.2804949879646301,
                    -0.8934965133666992,
                    -3.601799964904785
                ],
                [
                    -0.9364900588989258,
                    0.10503897070884705,
                    -0.3345940113067627,
                    -1.3487917184829712
                ],
                [
                    7.450580596923828e-09,
                    0.9540907740592957,
                    0.29951730370521545,
                    1.2073930501937866
                ],
                [
                    0.0,
                    0.0,
                    0.0,
                    1.0
                ]
            ]
        },
        {
            "file_path": "./train/r_39",
            "rotation": 0.031415926535897934,
            "transform_matrix": [
                [
                    -0.9562464952468872,
                    0.22223371267318726,
                    -0.1902759075164795,
                    -0.7670267820358276
                ],
                [
                    -0.29256242513656616,
                    -0.7263755798339844,
                    0.6219208240509033,
                    2.5070433616638184
                ],
                [
                    0.0,
                    0.6503772139549255,
                    0.7596113085746765,
                    3.06209135055542
                ],
                [
                    0.0,
                    0.0,
                    0.0,
                    1.0
                ]
            ]
        },
        {
            "file_path": "./train/r_40",
            "rotation": 0.031415926535897934,
            "transform_matrix": [
                [
                    -0.7746122479438782,
                    -0.23330560326576233,
                    0.5878302454948425,
                    2.369619369506836
                ],
                [
                    0.6324365139007568,
                    -0.28575417399406433,
                    0.7199782133102417,
                    2.902324914932251
                ],
                [
                    0.0,
                    0.9294691681861877,
                    0.3688996434211731,
                    1.4870820045471191
                ],
                [
                    0.0,
                    0.0,
                    0.0,
                    1.0
                ]
            ]
        },
        {
            "file_path": "./train/r_41",
            "rotation": 0.031415926535897934,
            "transform_matrix": [
                [
                    -0.2281723916530609,
                    0.5347377061843872,
                    -0.8136295080184937,
                    -3.2798454761505127
                ],
                [
                    -0.9736207723617554,
                    -0.12531816959381104,
                    0.1906777024269104,
                    0.7686464190483093
                ],
                [
                    0.0,
                    0.8356738686561584,
                    0.5492258667945862,
                    2.2140002250671387
                ],
                [
                    0.0,
                    0.0,
                    0.0,
                    1.0
                ]
            ]
        },
        {
            "file_path": "./train/r_42",
            "rotation": 0.031415926535897934,
            "transform_matrix": [
                [
                    -0.85001540184021,
                    0.3822054862976074,
                    -0.36248162388801575,
                    -1.4612101316452026
                ],
                [
                    -0.5267580151557922,
                    -0.6167547702789307,
                    0.5849269032478333,
                    2.3579158782958984
                ],
                [
                    0.0,
                    0.688136875629425,
                    0.7255808115005493,
                    2.924909830093384
                ],
                [
                    0.0,
                    0.0,
                    0.0,
                    1.0
                ]
            ]
        },
        {
            "file_path": "./train/r_43",
            "rotation": 0.031415926535897934,
            "transform_matrix": [
                [
                    0.9528015851974487,
                    0.18031054735183716,
                    -0.24424849450588226,
                    -0.9845972657203674
                ],
                [
                    -0.30359387397766113,
                    0.5658881068229675,
                    -0.7665514945983887,
                    -3.0900683403015137
                ],
                [
                    -1.4901162970204496e-08,
                    0.8045238852500916,
                    0.5939201712608337,
                    2.3941690921783447
                ],
                [
                    0.0,
                    0.0,
                    0.0,
                    1.0
                ]
            ]
        },
        {
            "file_path": "./train/r_44",
            "rotation": 0.031415926535897934,
            "transform_matrix": [
                [
                    0.8287200927734375,
                    -0.5308602452278137,
                    0.17722991108894348,
                    0.7144367098808289
                ],
                [
                    0.5596632957458496,
                    0.7860699892044067,
                    -0.2624327540397644,
                    -1.0579004287719727
                ],
                [
                    0.0,
                    0.3166724145412445,
                    0.9485348463058472,
                    3.823666572570801
                ],
                [
                    0.0,
                    0.0,
                    0.0,
                    1.0
                ]
            ]
        },
        {
            "file_path": "./train/r_45",
            "rotation": 0.031415926535897934,
            "transform_matrix": [
                [
                    -0.39236021041870117,
                    0.8621317148208618,
                    -0.3205970227718353,
                    -1.292367935180664
                ],
                [
                    -0.9198116660118103,
                    -0.3677559196949005,
                    0.13675573468208313,
