{
    "camera_angle_x": 0.6911112070083618,
    "frames": [
        {
            "file_path": "./train/r_0",
            "rotation": 0.031415926535897934,
            "transform_matrix": [
                [
                    -0.9922215342521667,
                    -0.0299103781580925,
                    0.12083857506513596,
                    0.48711588978767395
                ],
                [
                    0.1244853213429451,
                    -0.23840337991714478,
                    0.9631547927856445,
                    3.882601261138916
                ],
                [
                    1.862645371275562e-09,
                    0.970705509185791,
                    0.24027232825756073,
                    0.968568742275238
                ],
                [
                    0.0,
                    0.0,
                    0.0,
                    1.0
                ]
            ]
        },
        {
            "file_path": "./train/r_1",
            "rotation": 0.031415926535897934,
            "transform_matrix": [
                [
                    0.9938909411430359,
                    -0.05842967331409454,
                    0.0936310663819313,
                    0.37743890285491943
                ],
                [
                    0.11036667227745056,
                    0.5261799097061157,
                    -0.8431808352470398,
                    -3.398970603942871
                ],
                [
                    -3.725290298461914e-09,
                    0.8483635187149048,
                    0.5294141173362732,
                    2.13413667678833
                ],
                [
                    0.0,
                    0.0,
                    0.0,
                    1.0
                ]
            ]
        },
        {
            "file_path": "./train/r_2",
            "rotation": 0.031415926535897934,
            "transform_matrix": [
                [
                    0.08746179938316345,
                    0.8275307416915894,
                    -0.5545657873153687,
                    -2.2355258464813232
                ],
                [
                    -0.9961678981781006,
                    0.07265575230121613,
                    -0.04868990555405617,
                    -0.1962752640247345
                ],
                [
                    0.0,
                    0.5566992163658142,
                    0.8307142853736877,
                    3.3487160205841064
                ],
                [
                    0.0,
                    0.0,
                    0.0,
                    1.0
                ]
            ]
        },
        {
            "file_path": "./train/r_3",
            "rotation": 0.031415926535897934,
            "transform_matrix": [
                [
                    0.8895503282546997,
                    -0.31836962699890137,
                    0.3276292383670807,
                    1.3207157850265503
                ],
                [
                    0.45683714747428894,
                    0.6199272871017456,
                    -0.6379575729370117,
                    -2.5716893672943115
                ],
                [
                    1.4901160305669237e-08,
                    0.7171686291694641,
                    0.6968995928764343,
                    2.8092923164367676
                ],
                [
                    0.0,
                    0.0,
                    0.0,
                    1.0
                ]
            ]
        },
        {
            "file_path": "./train/r_4",
            "rotation": 0.031415926535897934,
            "transform_matrix": [
                [
                    0.4200647473335266,
                    0.6001027226448059,
                    -0.6807513236999512,
                    -2.7441964149475098
                ],
                [
                    -0.9074941873550415,
                    0.27777808904647827,
                    -0.3151090443134308,
                    -1.2702451944351196
                ],
                [
                    1.4901161193847656e-08,
                    0.7501441240310669,
                    0.6612744331359863,
                    2.665682554244995
                ],
                [
                    0.0,
                    0.0,
                    0.0,
                    1.0
                ]
            ]
        },
        {
            "file_path": "./train/r_5",
            "rotation": 0.031415926535897934,
            "transform_matrix": [
                [
                    0.6163572072982788,
                    -0.7741805911064148,
                    0.1440424621105194,
                    0.580653727054596
                ],
                [
                    0.7874667644500732,
                    0.6059580445289612,
                    -0.1127433106303215,
                    -0.4544828236103058
                ],
                [
                    0.0,
                    0.18291892111301422,
                    0.983128011226654,
                    3.963115692138672
                ],
                [
                    0.0,
                    0.0,
                    0.0,
                    1.0
                ]
            ]
        },
        {
            "file_path": "./train/r_6",
            "rotation": 0.031415926535897934,
            "transform_matrix": [
                [
                    0.23632915318012238,
                    0.4248541593551636,
                    -0.8738692402839661,
                    -3.522679567337036
                ],
                [
                    -0.9716730117797852,
                    0.10333251953125,
                    -0.21254143118858337,
                    -0.8567818999290466
                ],
                [
                    -7.450580152834618e-09,
                    0.8993449807167053,
                    0.4372398257255554,
                    1.7625701427459717
                ],
                [
                    0.0,
                    0.0,
                    0.0,
                    1.0
                ]
            ]
        },
        {
            "file_path": "./train/r_7",
            "rotation": 0.031415926535897934,
            "transform_matrix": [
                [
                    0.7798677086830139,
                    -0.4003567397594452,
                    0.4811660647392273,
                    1.9396425485610962
                ],
                [
                    0.6259443759918213,
                    0.49880680441856384,
                    -0.5994876027107239,
                    -2.416612148284912
                ],
                [
                    0.0,
                    0.7687042355537415,
                    0.6396043300628662,
                    2.5783276557922363
                ],
                [
                    0.0,
                    0.0,
                    0.0,
                    1.0
                ]
            ]
        },
        {
            "file_path": "./train/r_8",
            "rotation": 0.031415926535897934,
            "transform_matrix": [
                [
                    0.4759543836116791,
                    -0.7452629208564758,
                    0.4669588506221771,
                    1.882371425628662
                ],
                [
                    0.8794699907302856,
                    0.4033237397670746,
                    -0.2527102530002594,
                    -1.0187077522277832
                ],
                [
                    0.0,
                    0.530954897403717,
                    0.8474000096321106,
                    3.4159789085388184
                ],
                [
                    0.0,
                    0.0,
                    0.0,
                    1.0
                ]
            ]
        },
        {
            "file_path": "./train/r_9",
            "rotation": 0.031415926535897934,
            "transform_matrix": [
                [
                    -0.9933410882949829,
                    -0.11451971530914307,
                    0.012597175315022469,
                    0.05078083649277687
                ],
                [
                    0.11521049588918686,
                    -0.9873852729797363,
                    0.10861244052648544,
                    0.43783074617385864
                ],
                [
                    0.0,
                    0.10934024304151535,
                    0.9940044283866882,
                    4.006959915161133
                ],
                [
                    0.0,
                    0.0,
                    0.0,
                    1.0
                ]
            ]
        },
        {
            "file_path": "./train/r_10",
            "rotation": 0.031415926535897934,
            "transform_matrix": [
                [
                    0.8161405324935913,
                    -0.3902832567691803,
                    0.4261382222175598,
                    1.7178181409835815
                ],
                [
                    0.5778536200523376,
                    0.551222562789917,
                    -0.6018628478050232,
                    -2.4261868000030518
                ],
                [
                    -1.4901162970204496e-08,
                    0.7374500632286072,
                    0.6754016280174255,
                    2.7226309776306152
                ],
                [
                    0.0,
                    0.0,
                    0.0,
                    1.0
                ]
            ]
        },
        {
            "file_path": "./train/r_11",
            "rotation": 0.031415926535897934,
            "transform_matrix": [
                [
                    0.8717186450958252,
                    -0.11320653557777405,
                    0.47675028443336487,
                    1.9218418598175049
                ],
                [
                    0.4900066554546356,
                    0.20139367878437042,
                    -0.8481355905532837,
                    -3.4189438819885254
                ],
                [
                    0.0,
                    0.9729464650154114,
                    0.23103059828281403,
                    0.9313141107559204
                ],
                [
                    0.0,
                    0.0,
                    0.0,
                    1.0
                ]
            ]
        },
        {
            "file_path": "./train/r_12",
            "rotation": 0.031415926535897934,
            "transform_matrix": [
                [
                    0.933742105960846,
                    0.10929623991250992,
                    -0.34085193276405334,
                    -1.3740181922912598
                ],
                [
                    -0.3579465448856354,
                    0.2851109802722931,
                    -0.8891489505767822,
                    -3.5842742919921875
                ],
                [
                    0.0,
                    0.9522424936294556,
                    0.30534234642982483,
                    1.2308745384216309
                ],
                [
                    0.0,
                    0.0,
                    0.0,
                    1.0
                ]
            ]
        },
        {
            "file_path": "./train/r_13",
            "rotation": 0.031415926535897934,
            "transform_matrix": [
                [
                    -0.027964293956756592,
                    -0.27002328634262085,
                    0.9624475836753845,
                    3.8797504901885986
                ],
                [
                    0.9996089339256287,
                    -0.007553964387625456,
                    0.026924695819616318,
                    0.10853692889213562
                ],
                [
                    0.0,
                    0.9628242254257202,
                    0.27012887597084045,
                    1.0889244079589844
                ],
                [
                    0.0,
                    0.0,
                    0.0,
                    1.0
                ]
            ]
        },
        {
            "file_path": "./train/r_14",
            "rotation": 0.031415926535897934,
            "transform_matrix": [
                [
                    -0.6329805254936218,
                    -0.6950250864028931,
                    0.340992271900177,
                    1.3745838403701782
                ],
                [
                    0.7741677165031433,
                    -0.5682713389396667,
                    0.2788045406341553,
                    1.1238970756530762
                ],
                [
                    0.0,
                    0.44046303629875183,
                    0.8977707028388977,
                    3.6190295219421387
                ],
                [
                    0.0,
                    0.0,
                    0.0,
                    1.0
                ]
            ]
        },
        {
            "file_path": "./train/r_15",
            "rotation": 0.031415926535897934,
            "transform_matrix": [
                [
                    0.9238758683204651,
                    -0.3030291497707367,
                    0.23372341692447662,
                    0.9421693086624146
                ],
                [
                    0.38269221782684326,
                    0.7315574288368225,
                    -0.5642430782318115,
                    -2.2745368480682373
                ],
                [
                    1.4901161193847656e-08,
                    0.6107346415519714,
                    0.7918351888656616,
                    3.1919898986816406
                ],
                [
                    0.0,
                    0.0,
                    0.0,
                    1.0
                ]
            ]
        },
        {
            "file_path": "./train/r_16",
            "rotation": 0.031415926535897934,
            "transform_matrix": [
                [
                    -0.05617569759488106,
                    -0.36768168210983276,
                    0.9282534122467041,
                    3.7419092655181885
                ],
                [
                    0.9984208941459656,
                    -0.020687442272901535,
                    0.05222775414586067,
                    0.21053680777549744
                ],
                [
                    0.0,
                    0.929721474647522,
                    0.36826324462890625,
                    1.4845166206359863
                ],
                [
                    0.0,
                    0.0,
                    0.0,
                    1.0
                ]
            ]
        },
        {
            "file_path": "./train/r_17",
            "rotation": 0.031415926535897934,
            "transform_matrix": [
                [
                    -0.5632566809654236,
                    -0.38614824414253235,
                    0.7305007576942444,
                    2.9447426795959473
                ],
                [
                    0.8262820243835449,
                    -0.26322805881500244,
                    0.4979649484157562,
                    2.0073609352111816
                ],
                [
                    0.0,
                    0.8840816617012024,
                    0.4673323333263397,
                    1.883876919746399
                ],
                [
                    0.0,
                    0.0,
                    0.0,
                    1.0
                ]
            ]
        },
        {
            "file_path": "./train/r_18",
            "rotation": 0.031415926535897934,
            "transform_matrix": [
                [
                    -0.7999073266983032,
                    -0.16982410848140717,
                    0.5755936503410339,
                    2.3202922344207764
                ],
                [
                    0.6001235246658325,
                    -0.2263593077659607,
                    0.7672113180160522,
                    3.0927276611328125
                ],
                [
                    0.0,
                    0.9591251611709595,
                    0.2829819321632385,
                    1.140736699104309
                ],
                [
                    0.0,
                    0.0,
                    0.0,
                    1.0
                ]
            ]
        },
        {
            "file_path": "./train/r_19",
            "rotation": 0.031415926535897934,
            "transform_matrix": [
                [
                    0.2528051733970642,
                    0.6750559210777283,
                    -0.6931010484695435,
                    -2.7939796447753906
                ],
                [
                    -0.9675171375274658,
                    0.17638719081878662,
                    -0.18110226094722748,
                    -0.7300465703010559
                ],
                [
                    -7.450580152834618e-09,
                    0.716370701789856,
                    0.6977198719978333,
                    2.812598705291748
                ],
                [
                    0.0,
                    0.0,
                    0.0,
                    1.0
                ]
            ]
        },
        {
            "file_path": "./train/r_20",
            "rotation": 0.031415926535897934,
            "transform_matrix": [
                [
                    0.7573050856590271,
                    -0.2910803258419037,
                    0.5846034288406372,
                    2.356611967086792
                ],
                [
                    0.6530612707138062,
                    0.3375435471534729,
                    -0.6779198050498962,
                    -2.7327823638916016
                ],
                [
                    0.0,
                    0.8951740860939026,
                    0.4457166790962219,
                    1.7967416048049927
                ],
                [
                    0.0,
                    0.0,
                    0.0,
                    1.0
                ]
            ]
        },
        {
            "file_path": "./train/r_21",
            "rotation": 0.031415926535897934,
            "transform_matrix": [
                [
                    -0.05366941913962364,
                    -0.6408662796020508,
                    0.7657740712165833,
                    3.0869340896606445
                ],
                [
                    0.998558759689331,
                    -0.03444456309080124,
                    0.04115796834230423,
                    0.16591307520866394
                ],
                [
                    0.0,
                    0.7668794393539429,
                    0.6417912244796753,
                    2.5871431827545166
                ],
                [
                    0.0,
                    0.0,
                    0.0,
                    1.0
                ]
            ]
        },
        {
            "file_path": "./train/r_22",
            "rotation": 0.031415926535897934,
            "transform_matrix": [
                [
                    0.9180582165718079,
                    0.16363602876663208,
                    -0.3610987067222595,
                    -1.45563542842865
                ],
                [
                    -0.39644545316696167,
                    0.37893587350845337,
                    -0.8362048864364624,
                    -3.370849609375
                ],
                [
                    0.0,
                    0.9108407497406006,
                    0.4127579629421234,
                    1.6638805866241455
                ],
                [
                    0.0,
                    0.0,
                    0.0,
                    1.0
                ]
            ]
        },
        {
            "file_path": "./train/r_23",
            "rotation": 0.031415926535897934,
            "transform_matrix": [
                [
                    0.8775789141654968,
                    -0.2998318672180176,
                    0.3741071820259094,
                    1.5080742835998535
                ],
                [
                    0.4794323444366455,
                    0.5488284826278687,
                    -0.6847860217094421,
                    -2.76046085357666
                ],
                [
                    -1.4901162970204496e-08,
                    0.7803126573562622,
                    0.6253893971443176,
                    2.5210251808166504
                ],
                [
                    0.0,
                    0.0,
                    0.0,
                    1.0
                ]
            ]
        },
        {
            "file_path": "./train/r_24",
            "rotation": 0.031415926535897934,
            "transform_matrix": [
                [
                    0.19986514747142792,
                    0.6855635046958923,
                    -0.7000404596328735,
                    -2.821953296661377
                ],
                [
                    -0.9798233509063721,
                    0.13984179496765137,
                    -0.14279481768608093,
                    -0.5756243467330933
                ],
                [
                    0.0,
                    0.7144556641578674,
                    0.6996806859970093,
                    2.820502996444702
                ],
                [
                    0.0,
                    0.0,
                    0.0,
                    1.0
                ]
            ]
        },
        {
            "file_path": "./train/r_25",
            "rotation": 0.031415926535897934,
            "transform_matrix": [
                [
                    0.8236138224601746,
                    0.5659344792366028,
                    -0.037125978618860245,
                    -0.14965960383415222
                ],
                [
                    -0.5671508312225342,
                    0.8218473792076111,
                    -0.05391417443752289,
                    -0.21733498573303223
                ],
                [
                    -1.8626450382086546e-09,
                    0.06545989960432053,
                    0.9978551864624023,
                    4.022482872009277
                ],
                [
                    0.0,
                    0.0,
                    0.0,
                    1.0
                ]
            ]
        },
        {
            "file_path": "./train/r_26",
            "rotation": 0.031415926535897934,
            "transform_matrix": [
                [
                    0.9487580060958862,
                    0.2624469995498657,
                    -0.1760113537311554,
                    -0.7095244526863098
                ],
                [
                    -0.3160039186477661,
                    0.7879608273506165,
                    -0.5284497737884521,
                    -2.130249261856079
                ],
                [
                    0.0,
                    0.5569910407066345,
                    0.830518364906311,
                    3.347926616668701
                ],
                [
                    0.0,
                    0.0,
                    0.0,
                    1.0
                ]
            ]
        },
        {
            "file_path": "./train/r_27",
            "rotation": 0.031415926535897934,
            "transform_matrix": [
                [
                    -0.2516861855983734,
                    0.9226359724998474,
                    -0.2922273576259613,
                    -1.1780061721801758
                ],
                [
                    -0.9678089022636414,
                    -0.2399386614561081,
                    0.07599598914384842,
                    0.30634963512420654
                ],
                [
                    -7.450580596923828e-09,
                    0.30194735527038574,
                    0.953324556350708,
                    3.8429741859436035
                ],
                [
                    0.0,
                    0.0,
                    0.0,
                    1.0
                ]
            ]
        },
        {
            "file_path": "./train/r_28",
            "rotation": 0.031415926535897934,
            "transform_matrix": [
                [
                    -0.20925457775592804,
                    -0.2846240997314453,
                    0.9355220794677734,
                    3.771210193634033
                ],
                [
                    0.977861225605011,
                    -0.060907311737537384,
                    0.2001943290233612,
                    0.8070091605186462
                ],
                [
                    0.0,
                    0.9567022919654846,
                    0.29106801748275757,
                    1.173332691192627
                ],
                [
                    0.0,
                    0.0,
                    0.0,
                    1.0
                ]
            ]
        },
        {
            "file_path": "./train/r_29",
            "rotation": 0.031415926535897934,
            "transform_matrix": [
                [
                    -0.9842699766159058,
                    0.10130732506513596,
                    -0.14473944902420044,
                    -0.5834633708000183
                ],
                [
                    -0.176671102643013,
                    -0.5644032955169678,
                    0.8063722848892212,
                    3.2505905628204346
                ],
                [
                    0.0,
                    0.8192592859268188,
                    0.5734232068061829,
                    2.3115429878234863
                ],
                [
                    0.0,
                    0.0,
                    0.0,
                    1.0
                ]
            ]
        },
        {
            "file_path": "./train/r_30",
            "rotation": 0.031415926535897934,
            "transform_matrix": [
                [
                    -0.23150280117988586,
                    0.4649668335914612,
                    -0.8545246720314026,
                    -3.4446988105773926
                ],
                [
                    -0.9728342294692993,
                    -0.11064692586660385,
                    0.20334897935390472,
                    0.8197258710861206
                ],
                [
                    0.0,
                    0.8783866167068481,
                    0.47795072197914124,
                    1.9266808032989502
                ],
                [
                    0.0,
                    0.0,
                    0.0,
                    1.0
                ]
            ]
        },
        {
            "file_path": "./train/r_31",
            "rotation": 0.031415926535897934,
            "transform_matrix": [
                [
                    0.6935310363769531,
                    -0.6076756119728088,
                    0.3869689404964447,
                    1.5599217414855957
                ],
                [
                    0.7204266786575317,
                    0.5849892497062683,
                    -0.372522234916687,
                    -1.5016851425170898
                ],
                [
                    0.0,
                    0.5371384620666504,
                    0.8434940576553345,
                    3.400233268737793
                ],
                [
                    0.0,
                    0.0,
                    0.0,
                    1.0
                ]
            ]
        },
        {
            "file_path": "./train/r_32",
            "rotation": 0.031415926535897934,
            "transform_matrix": [
                [
                    0.9166590571403503,
                    -0.1431809663772583,
                    0.3731426000595093,
                    1.5041860342025757
                ],
                [
                    0.3996700942516327,
                    0.3283911347389221,
                    -0.8558171391487122,
                    -3.4499094486236572
                ],
                [
                    0.0,
                    0.9336264729499817,
                    0.3582478165626526,
                    1.444143295288086
                ],
                [
                    0.0,
                    0.0,
                    0.0,
                    1.0
                ]
            ]
        },
        {
            "file_path": "./train/r_33",
            "rotation": 0.031415926535897934,
            "transform_matrix": [
                [
                    -0.9014860987663269,
                    -0.3370763957500458,
                    0.2714817523956299,
                    1.0943779945373535
                ],
                [
                    0.43280813097953796,
                    -0.7020887136459351,
                    0.565463125705719,
                    2.2794547080993652
                ],
                [
                    0.0,
                    0.6272565126419067,
                    0.7788126468658447,
                    3.1394941806793213
                ],
                [
                    0.0,
                    0.0,
                    0.0,
                    1.0
                ]
            ]
        },
        {
            "file_path": "./train/r_34",
            "rotation": 0.031415926535897934,
            "transform_matrix": [
                [
                    0.8087505102157593,
                    0.329425185918808,
                    -0.48723897337913513,
                    -1.9641231298446655
                ],
                [
                    -0.5881520509719849,
                    0.4529828727245331,
                    -0.6699879169464111,
                    -2.700807571411133
                ],
                [
                    1.4901162970204496e-08,
                    0.8284235000610352,
                    0.5601021647453308,
                    2.2578439712524414
                ],
                [
                    0.0,
                    0.0,
                    0.0,
                    1.0
                ]
            ]
        },
        {
            "file_path": "./train/r_35",
            "rotation": 0.031415926535897934,
            "transform_matrix": [
                [
                    -0.41798731684684753,
                    -0.882340669631958,
                    0.21624375879764557,
                    0.871706485748291
                ],
                [
                    0.9084528684616089,
                    -0.40597283840179443,
                    0.09949568659067154,
                    0.4010799527168274
                ],
                [
                    0.0,
                    0.23803521692752838,
                    0.9712564945220947,
                    3.915260076522827
                ],
                [
                    0.0,
                    0.0,
                    0.0,
                    1.0
                ]
            ]
        },
        {
            "file_path": "./train/r_36",
            "rotation": 0.031415926535897934,
            "transform_matrix": [
                [
                    -0.7317162752151489,
                    0.23236392438411713,
                    -0.6407793164253235,
                    -2.583064317703247
                ],
                [
                    -0.6816092133522034,
                    -0.24944567680358887,
                    0.6878848671913147,
                    2.7729527950286865
                ],
                [
                    -1.4901160305669237e-08,
                    0.9400977492332458,
                    0.3409048616886139,
                    1.3742315769195557
                ],
                [
                    0.0,
                    0.0,
                    0.0,
                    1.0
                ]
            ]
        },
        {
            "file_path": "./train/r_37",
            "rotation": 0.031415926535897934,
            "transform_matrix": [
                [
                    0.1730305701494217,
                    -0.679238498210907,
                    0.7132288813591003,
                    2.875117540359497
                ],
                [
                    0.9849163889884949,
                    0.11932894587516785,
                    -0.12530039250850677,
                    -0.5051020383834839
                ],
                [
                    7.450580152834618e-09,
                    0.7241515517234802,
                    0.6896407604217529,
                    2.7800307273864746
                ],
                [
                    0.0,
                    0.0,
                    0.0,
                    1.0
                ]
            ]
        },
        {
            "file_path": "./train/r_38",
            "rotation": 0.031415926535897934,
            "transform_matrix": [
                [
                    -0.008674049749970436,
                    -0.8625167012214661,
                    0.5059542059898376,
                    2.0395667552948
                ],
                [
                    0.9999624490737915,
                    -0.007481793407350779,
                    0.004388836678117514,
                    0.017691966146230698
                ],
                [
                    0.0,
                    0.5059733390808105,
                    0.8625491261482239,
                    3.4770467281341553
                ],
                [
                    0.0,
                    0.0,
                    0.0,
                    1.0
                ]
            ]
        },
        {
            "file_path": "./train/r_39",
            "rotation": 0.031415926535897934,
            "transform_matrix": [
                [
                    0.8983001112937927,
                    0.10621657967567444,
                    -0.42635080218315125,
                    -1.7186750173568726
                ],
                [
                    -0.43938249349594116,
                    0.2171555906534195,
                    -0.8716573119163513,
                    -3.513762950897217
                ],
                [
                    0.0,
                    0.9703409075737,
                    0.24174056947231293,
                    0.9744874238967896
                ],
                [
                    0.0,
                    0.0,
                    0.0,
                    1.0
                ]
            ]
        },
        {
            "file_path": "./train/r_40",
            "rotation": 0.031415926535897934,
            "transform_matrix": [
                [
                    0.06486815959215164,
                    -0.17177541553974152,
                    0.9829981327056885,
                    3.962592124938965
                ],
                [
                    0.9978938698768616,
                    0.01116627361625433,
                    -0.06389986723661423,
                    -0.25758859515190125
                ],
                [
                    0.0,
                    0.9850727915763855,
                    0.17213797569274902,
                    0.6939103603363037
                ],
                [
                    0.0,
                    0.0,
                    0.0,
                    1.0
                ]
            ]
        },
        {
            "file_path": "./train/r_41",
            "rotation": 0.031415926535897934,
            "transform_matrix": [
                [
                    0.9458377361297607,
                    -0.05972406640648842,
                    0.31909897923469543,
                    1.2863291501998901
                ],
                [
                    0.3246400058269501,
                    0.1740058809518814,
                    -0.9296939373016357,
                    -3.747716188430786
                ],
                [
                    3.725290742551124e-09,
                    0.9829317927360535,
                    0.1839701533317566,
                    0.7416074275970459
                ],
                [
                    0.0,
                    0.0,
                    0.0,
                    1.0
                ]
            ]
        },
        {
            "file_path": "./train/r_42",
            "rotation": 0.031415926535897934,
            "transform_matrix": [
                [
                    -0.9997561573982239,
                    0.010020265355706215,
                    -0.019675960764288902,
                    -0.07931633293628693
                ],
                [
                    -0.022080514580011368,
                    -0.4536951184272766,
                    0.8908833265304565,
                    3.5912656784057617
                ],
                [
                    0.0,
                    0.8911005854606628,
                    0.45380574464797974,
                    1.8293495178222656
                ],
                [
                    0.0,
                    0.0,
                    0.0,
                    1.0
                ]
            ]
        },
        {
            "file_path": "./train/r_43",
            "rotation": 0.031415926535897934,
            "transform_matrix": [
                [
                    -0.6360573768615723,
                    0.23825576901435852,
                    -0.7339381575584412,
                    -2.958599328994751
                ],
                [
                    -0.7716417908668518,
                    -0.19639207422733307,
                    0.6049785614013672,
                    2.438746690750122
                ],
                [
                    0.0,
                    0.9511384963989258,
                    0.3087646961212158,
                    1.2446702718734741
                ],
                [
                    0.0,
                    0.0,
                    0.0,
                    1.0
                ]
            ]
        },
        {
            "file_path": "./train/r_44",
            "rotation": 0.031415926535897934,
            "transform_matrix": [
                [
                    -0.6963009238243103,
                    0.24226145446300507,
                    -0.6756288409233093,
                    -2.7235469818115234
                ],
                [
                    -0.717749834060669,
                    -0.23502179980278015,
                    0.6554386019706726,
                    2.642157554626465
                ],
                [
                    0.0,
                    0.9413150548934937,
                    0.3375290334224701,
                    1.3606230020523071
                ],
                [
                    0.0,
                    0.0,
                    0.0,
                    1.0
                ]
            ]
        },
        {
            "file_path": "./train/r_45",
            "rotation": 0.031415926535897934,
            "transform_matrix": [
                [
                    0.9899870753288269,
                    -0.11296297609806061,
                    0.08464554697275162,
                    0.3412171006202698
                ],
                [
                    0.14115770161151886,
                    0.7922478318214417,
                    -0.5936480164527893,
                    -2.3930716514587402
                ],
                [
