{
    "camera_angle_x": 0.8575560450553894,
    "frames": [
        {
            "file_path": "./train/r_0",
            "rotation": 0.012566370614359171,
            "transform_matrix": [
                [
                    -0.9304620027542114,
                    -0.2500119209289551,
                    0.26783323287963867,
                    1.0796704292297363
                ],
                [
                    0.3663886487483978,
                    -0.6349175572395325,
                    0.6801756620407104,
                    2.7418761253356934
                ],
                [
                    0.0,
                    0.7310087084770203,
                    0.6823680400848389,
                    2.75071382522583
                ],
                [
                    0.0,
                    0.0,
                    0.0,
                    1.0
                ]
            ]
        },
        {
            "file_path": "./train/r_1",
            "rotation": 0.012566370614359171,
            "transform_matrix": [
                [
                    0.7079097032546997,
                    -0.330124169588089,
                    0.6244052648544312,
                    2.5170581340789795
                ],
                [
                    0.7063030004501343,
                    0.33087512850761414,
                    -0.6258256435394287,
                    -2.5227837562561035
                ],
                [
                    0.0,
                    0.8840473890304565,
                    0.4673973619937897,
                    1.884139060974121
                ],
                [
                    0.0,
                    0.0,
                    0.0,
                    1.0
                ]
            ]
        },
        {
            "file_path": "./train/r_2",
            "rotation": 0.012566370614359171,
            "transform_matrix": [
                [
                    0.644378662109375,
                    -0.6048681735992432,
                    0.4678788483142853,
                    1.8860799074172974
                ],
                [
                    0.764706552028656,
                    0.5096911191940308,
                    -0.3942573368549347,
                    -1.5893021821975708
                ],
                [
                    1.4901161193847656e-08,
                    0.6118409633636475,
                    0.7909807562828064,
                    3.1885454654693604
                ],
                [
                    0.0,
                    0.0,
                    0.0,
                    1.0
                ]
            ]
        },
        {
            "file_path": "./train/r_3",
            "rotation": 0.012566370614359171,
            "transform_matrix": [
                [
                    0.9540197253227234,
                    0.1839136779308319,
                    -0.23669001460075378,
                    -0.9541279673576355
                ],
                [
                    -0.2997438907623291,
                    0.5853573083877563,
                    -0.7533329129219055,
                    -3.0367820262908936
                ],
                [
                    0.0,
                    0.7896408438682556,
                    0.6135693788528442,
                    2.473377227783203
                ],
                [
                    0.0,
                    0.0,
                    0.0,
                    1.0
                ]
            ]
        },
        {
            "file_path": "./train/r_4",
            "rotation": 0.012566370614359171,
            "transform_matrix": [
                [
                    -0.6941891312599182,
                    0.38887494802474976,
                    -0.6057043671607971,
                    -2.4416723251342773
                ],
                [
                    -0.7197927236557007,
                    -0.3750423192977905,
                    0.5841589570045471,
                    2.3548200130462646
                ],
                [
                    1.4901162970204496e-08,
                    0.8414983749389648,
                    0.5402596592903137,
                    2.1778564453125
                ],
                [
                    0.0,
                    0.0,
                    0.0,
                    1.0
                ]
            ]
        },
        {
            "file_path": "./train/r_5",
            "rotation": 0.012566370614359171,
            "transform_matrix": [
                [
                    -0.9856359362602234,
                    0.12438936531543732,
                    -0.11423317342996597,
                    -0.4604886770248413
                ],
                [
                    -0.16888439655303955,
                    -0.7259559035301208,
                    0.666682779788971,
                    2.6874845027923584
                ],
                [
                    7.450581485102248e-09,
                    0.6763986349105835,
                    0.7365355491638184,
                    2.9690699577331543
                ],
                [
                    0.0,
                    0.0,
                    0.0,
                    1.0
                ]
            ]
        },
        {
            "file_path": "./train/r_6",
            "rotation": 0.012566370614359171,
            "transform_matrix": [
                [
                    -0.5965718030929565,
                    -0.4629228413105011,
                    0.6555948257446289,
                    2.642787218093872
                ],
                [
                    0.8025597333908081,
                    -0.34410735964775085,
                    0.4873274266719818,
                    1.964479684829712
                ],
                [
                    0.0,
                    0.8168798089027405,
                    0.576807975769043,
                    2.3251872062683105
                ],
                [
                    0.0,
                    0.0,
                    0.0,
                    1.0
                ]
            ]
        },
        {
            "file_path": "./train/r_7",
            "rotation": 0.012566370614359171,
            "transform_matrix": [
                [
                    -0.9252108931541443,
                    0.37620314955711365,
                    -0.049558620899915695,
                    -0.19977718591690063
                ],
                [
                    -0.3794534206390381,
                    -0.9172858595848083,
                    0.12083742022514343,
                    0.4871112108230591
                ],
                [
                    -3.725290298461914e-09,
                    0.130605086684227,
                    0.9914344549179077,
                    3.9966001510620117
                ],
                [
                    0.0,
                    0.0,
                    0.0,
                    1.0
                ]
            ]
        },
        {
            "file_path": "./train/r_8",
            "rotation": 0.012566370614359171,
            "transform_matrix": [
                [
                    0.9693552255630493,
                    0.10444850474596024,
                    -0.2223529815673828,
                    -0.8963335752487183
                ],
                [
                    -0.24566304683685303,
                    0.41214054822921753,
                    -0.8773766160011292,
                    -3.536818504333496
                ],
                [
                    7.450580152834618e-09,
                    0.9051135182380676,
                    0.42516976594924927,
                    1.7139142751693726
                ],
                [
                    0.0,
                    0.0,
                    0.0,
                    1.0
                ]
            ]
        },
        {
            "file_path": "./train/r_9",
            "rotation": 0.012566370614359171,
            "transform_matrix": [
                [
                    -0.40383896231651306,
                    0.6865129470825195,
                    -0.6046602725982666,
                    -2.4374635219573975
                ],
                [
                    -0.9148301482200623,
                    -0.30305150151252747,
                    0.266918808221817,
                    1.0759841203689575
                ],
                [
                    1.4901161193847656e-08,
                    0.6609535217285156,
                    0.7504267692565918,
                    3.025067090988159
                ],
                [
                    0.0,
                    0.0,
                    0.0,
                    1.0
                ]
            ]
        },
        {
            "file_path": "./train/r_10",
            "rotation": 0.012566370614359171,
            "transform_matrix": [
                [
                    -0.9995980262756348,
                    0.018825065344572067,
                    -0.021199729293584824,
                    -0.08545884490013123
                ],
                [
                    -0.028351575136184692,
                    -0.6637197136878967,
                    0.7474437952041626,
                    3.0130422115325928
                ],
                [
                    0.0,
                    0.7477443814277649,
                    0.6639866828918457,
                    2.6766159534454346
                ],
                [
                    0.0,
                    0.0,
                    0.0,
                    1.0
                ]
            ]
        },
        {
            "file_path": "./train/r_11",
            "rotation": 0.012566370614359171,
            "transform_matrix": [
                [
                    0.2766183614730835,
                    -0.6153236031532288,
                    0.7381457090377808,
                    2.975560426712036
                ],
                [
                    0.9609798192977905,
                    0.177121102809906,
                    -0.2124755084514618,
                    -0.8565161824226379
                ],
                [
                    1.4901160305669237e-08,
                    0.7681177258491516,
                    0.6403085589408875,
                    2.5811662673950195
                ],
                [
                    0.0,
                    0.0,
                    0.0,
                    1.0
                ]
            ]
        },
        {
            "file_path": "./train/r_12",
            "rotation": 0.012566370614359171,
            "transform_matrix": [
                [
                    -0.5816038846969604,
                    -0.27757909893989563,
                    0.7646481394767761,
                    3.082395315170288
                ],
                [
                    0.8134722113609314,
                    -0.19845925271511078,
                    0.5466964244842529,
                    2.203803777694702
                ],
                [
                    0.0,
                    0.939980685710907,
                    0.34122753143310547,
                    1.3755321502685547
                ],
                [
                    0.0,
                    0.0,
                    0.0,
                    1.0
                ]
            ]
        },
        {
            "file_path": "./train/r_13",
            "rotation": 0.012566370614359171,
            "transform_matrix": [
                [
                    -0.7673927545547485,
                    -0.5046700239181519,
                    0.39549529552459717,
                    1.5942925214767456
                ],
                [
                    0.641177237033844,
                    -0.6040140986442566,
                    0.47334837913513184,
                    1.9081283807754517
                ],
                [
                    0.0,
                    0.6168267726898193,
                    0.7870989441871643,
                    3.1728973388671875
                ],
                [
                    0.0,
                    0.0,
                    0.0,
                    1.0
                ]
            ]
        },
        {
            "file_path": "./train/r_14",
            "rotation": 0.012566370614359171,
            "transform_matrix": [
                [
                    -0.6665619015693665,
                    -0.7012218832969666,
                    0.2529487907886505,
                    1.0196691751480103
                ],
                [
                    0.7454497218132019,
                    -0.6270144581794739,
                    0.2261802703142166,
                    0.9117618203163147
                ],
                [
                    0.0,
                    0.3393237590789795,
                    0.9406696557998657,
                    3.7919607162475586
                ],
                [
                    0.0,
                    0.0,
                    0.0,
                    1.0
                ]
            ]
        },
        {
            "file_path": "./train/r_15",
            "rotation": 0.012566370614359171,
            "transform_matrix": [
                [
                    0.04052194952964783,
                    -0.2493624985218048,
                    0.9675619602203369,
                    3.900367259979248
                ],
                [
                    0.9991785883903503,
                    0.010112962685525417,
                    -0.039239730685949326,
                    -0.15818043053150177
                ],
                [
                    0.0,
                    0.9683573246002197,
                    0.24956749379634857,
                    1.006038784980774
                ],
                [
                    0.0,
                    0.0,
                    0.0,
                    1.0
                ]
            ]
        },
        {
            "file_path": "./train/r_16",
            "rotation": 0.012566370614359171,
            "transform_matrix": [
                [
                    -0.47878867387771606,
                    0.17192521691322327,
                    -0.8609314560890198,
                    -3.4705259799957275
                ],
                [
                    -0.8779302835464478,
                    -0.09376126527786255,
                    0.4695182144641876,
                    1.8926886320114136
                ],
                [
                    0.0,
                    0.980637788772583,
                    0.19583015143871307,
                    0.7894166707992554
                ],
                [
                    0.0,
                    0.0,
                    0.0,
                    1.0
                ]
            ]
        },
        {
            "file_path": "./train/r_17",
            "rotation": 0.012566370614359171,
            "transform_matrix": [
                [
                    0.4440160393714905,
                    0.3177611827850342,
                    -0.8377813696861267,
                    -3.377204656600952
                ],
                [
                    -0.896018922328949,
                    0.15746435523033142,
                    -0.4151568114757538,
                    -1.6735506057739258
                ],
                [
                    -1.4901162970204496e-08,
                    0.9350040555000305,
                    0.3546367287635803,
                    1.429586410522461
                ],
                [
                    0.0,
                    0.0,
                    0.0,
                    1.0
                ]
            ]
        },
        {
            "file_path": "./train/r_18",
            "rotation": 0.012566370614359171,
            "transform_matrix": [
                [
                    0.4656122326850891,
                    -0.6967508792877197,
                    0.5456587672233582,
                    2.1996209621429443
                ],
                [
                    0.8849887847900391,
                    0.3665761351585388,
                    -0.2870832085609436,
                    -1.1572694778442383
                ],
                [
                    0.0,
                    0.6165714263916016,
                    0.7872989773750305,
                    3.173703670501709
                ],
                [
                    0.0,
                    0.0,
                    0.0,
                    1.0
                ]
            ]
        },
        {
            "file_path": "./train/r_19",
            "rotation": 0.012566370614359171,
            "transform_matrix": [
                [
                    -0.9621743559837341,
                    0.07323357462882996,
                    -0.2624071538448334,
                    -1.0577970743179321
                ],
                [
                    -0.2724347412586212,
                    -0.2586434781551361,
                    0.9267593026161194,
                    3.735886335372925
                ],
                [
                    -7.450581485102248e-09,
                    0.9631927609443665,
                    0.2688114643096924,
                    1.083613634109497
                ],
                [
                    0.0,
                    0.0,
                    0.0,
                    1.0
                ]
            ]
        },
        {
            "file_path": "./train/r_20",
            "rotation": 0.012566370614359171,
            "transform_matrix": [
                [
                    0.8441133499145508,
                    -0.19901736080646515,
                    0.49786004424095154,
                    2.0069379806518555
                ],
                [
                    0.5361645817756653,
                    0.3133239448070526,
                    -0.7838084101676941,
                    -3.159632682800293
                ],
                [
                    0.0,
                    0.9285580515861511,
                    0.3711870312690735,
                    1.496302843093872
                ],
                [
                    0.0,
                    0.0,
                    0.0,
                    1.0
                ]
            ]
        },
        {
            "file_path": "./train/r_21",
            "rotation": 0.012566370614359171,
            "transform_matrix": [
                [
                    0.08254071325063705,
                    0.9894368052482605,
                    -0.11917128413915634,
                    -0.4803948402404785
                ],
                [
                    -0.9965876936912537,
                    0.08194845914840698,
                    -0.009870163165032864,
                    -0.0397879034280777
                ],
                [
                    0.0,
                    0.11957930773496628,
                    0.9928245544433594,
                    4.002203941345215
                ],
                [
                    0.0,
                    0.0,
                    0.0,
                    1.0
                ]
            ]
        },
        {
            "file_path": "./train/r_22",
            "rotation": 0.012566370614359171,
            "transform_matrix": [
                [
                    -0.8942309617996216,
                    0.0640982910990715,
                    -0.44299259781837463,
                    -1.7857602834701538
                ],
                [
                    -0.4476059079170227,
                    -0.1280560940504074,
                    0.8850144147872925,
                    3.5676071643829346
                ],
                [
                    1.1175870895385742e-08,
                    0.9896934032440186,
                    0.1432024985551834,
                    0.5772677659988403
                ],
                [
                    0.0,
                    0.0,
                    0.0,
                    1.0
                ]
            ]
        },
        {
            "file_path": "./train/r_23",
            "rotation": 0.012566370614359171,
            "transform_matrix": [
                [
                    0.2321413904428482,
                    -0.8377671837806702,
                    0.4942232072353363,
                    1.9922775030136108
                ],
                [
                    0.9726820588111877,
                    0.1999424695968628,
                    -0.11795186996459961,
                    -0.4754791855812073
                ],
                [
                    0.0,
                    0.5081034898757935,
                    0.8612959980964661,
                    3.4719951152801514
                ],
                [
                    0.0,
                    0.0,
                    0.0,
                    1.0
                ]
            ]
        },
        {
            "file_path": "./train/r_24",
            "rotation": 0.012566370614359171,
            "transform_matrix": [
                [
                    -0.45531952381134033,
                    -0.8890117406845093,
                    0.04839417338371277,
                    0.19508317112922668
                ],
                [
                    0.8903281092643738,
                    -0.45464634895324707,
                    0.024749092757701874,
                    0.0997667908668518
                ],
                [
                    0.0,
                    0.054355960339307785,
                    0.9985215663909912,
                    4.025169372558594
                ],
                [
                    0.0,
                    0.0,
                    0.0,
                    1.0
                ]
            ]
        },
        {
            "file_path": "./train/r_25",
            "rotation": 0.012566370614359171,
            "transform_matrix": [
                [
                    -0.9740777015686035,
                    0.11979527771472931,
                    -0.19188980758190155,
                    -0.7735325694084167
                ],
                [
                    -0.22621361911296844,
                    -0.5158393979072571,
                    0.8262790441513062,
                    3.3308372497558594
                ],
                [
                    7.450580596923828e-09,
                    0.8482680916786194,
                    0.5295670032501221,
                    2.1347529888153076
                ],
                [
                    0.0,
                    0.0,
                    0.0,
                    1.0
                ]
            ]
        },
        {
            "file_path": "./train/r_26",
            "rotation": 0.012566370614359171,
            "transform_matrix": [
                [
                    0.9685562252998352,
                    -0.1328563690185547,
                    0.21035201847553253,
                    0.847956120967865
                ],
                [
                    0.24879468977451324,
                    0.5172090530395508,
                    -0.8188992142677307,
                    -3.301088333129883
                ],
                [
                    7.450580596923828e-09,
                    0.8454843163490295,
                    0.5340000987052917,
                    2.152623176574707
                ],
                [
                    0.0,
                    0.0,
                    0.0,
                    1.0
                ]
            ]
        },
        {
            "file_path": "./train/r_27",
            "rotation": 0.012566370614359171,
            "transform_matrix": [
                [
                    0.9859603643417358,
                    -0.09147951006889343,
                    0.13969112932682037,
                    0.5631129741668701
                ],
                [
                    0.1669793725013733,
                    0.5401576161384583,
                    -0.8248319029808044,
                    -3.3250038623809814
                ],
                [
                    -7.450580596923828e-09,
                    0.8365771174430847,
                    0.5478491187095642,
                    2.2084503173828125
                ],
                [
                    0.0,
                    0.0,
                    0.0,
                    1.0
                ]
            ]
        },
        {
            "file_path": "./train/r_28",
            "rotation": 0.012566370614359171,
            "transform_matrix": [
                [
                    -0.49260565638542175,
                    -0.8273154497146606,
                    0.2699792683124542,
                    1.0883212089538574
                ],
                [
                    0.8702525496482849,
                    -0.4683011472225189,
                    0.15282151103019714,
                    0.616043210029602
                ],
                [
                    0.0,
                    0.3102308511734009,
                    0.9506612420082092,
                    3.832237958908081
                ],
                [
                    0.0,
                    0.0,
                    0.0,
                    1.0
                ]
            ]
        },
        {
            "file_path": "./train/r_29",
            "rotation": 0.012566370614359171,
            "transform_matrix": [
                [
                    -0.13971583545207977,
                    0.48564425110816956,
                    -0.8629189729690552,
                    -3.4785375595092773
                ],
                [
                    -0.9901915788650513,
                    -0.0685243085026741,
                    0.12175770848989487,
                    0.4908210337162018
                ],
                [
                    0.0,
                    0.8714665174484253,
                    0.4904548227787018,
                    1.9770866632461548
                ],
                [
                    0.0,
                    0.0,
                    0.0,
                    1.0
                ]
            ]
        },
        {
            "file_path": "./train/r_30",
            "rotation": 0.012566370614359171,
            "transform_matrix": [
                [
                    0.5495179295539856,
                    -0.5180308222770691,
                    0.655495285987854,
                    2.6423861980438232
                ],
                [
                    0.8354820609092712,
                    0.34072214365005493,
                    -0.4311360716819763,
                    -1.7379652261734009
                ],
                [
                    1.4901162970204496e-08,
                    0.7845715284347534,
                    0.6200382113456726,
                    2.4994542598724365
                ],
                [
                    0.0,
                    0.0,
                    0.0,
                    1.0
                ]
            ]
        },
        {
            "file_path": "./train/r_31",
            "rotation": 0.012566370614359171,
            "transform_matrix": [
                [
                    0.21269537508487701,
                    0.653427243232727,
                    -0.7264939546585083,
                    -2.928591012954712
                ],
                [
                    -0.9771185517311096,
                    0.14223550260066986,
                    -0.1581403911113739,
                    -0.6374843716621399
                ],
                [
                    -7.450580152834618e-09,
                    0.7435065507888794,
                    0.6687285900115967,
                    2.6957314014434814
                ],
                [
                    0.0,
                    0.0,
                    0.0,
                    1.0
                ]
            ]
        },
        {
            "file_path": "./train/r_32",
            "rotation": 0.012566370614359171,
            "transform_matrix": [
                [
                    -0.38282719254493713,
                    -0.35482391715049744,
                    0.8529614806175232,
                    3.4383976459503174
                ],
                [
                    0.9238199591636658,
                    -0.1470375806093216,
                    0.353463739156723,
                    1.4248578548431396
                ],
                [
                    1.4901160305669237e-08,
                    0.9232983589172363,
                    0.38408344984054565,
                    1.5482898950576782
                ],
                [
                    0.0,
                    0.0,
                    0.0,
                    1.0
                ]
            ]
        },
        {
            "file_path": "./train/r_33",
            "rotation": 0.012566370614359171,
            "transform_matrix": [
                [
                    -0.13386328518390656,
                    0.5612633228302002,
                    -0.8167399168014526,
                    -3.292383909225464
                ],
                [
                    -0.9909998178482056,
                    -0.07581489533185959,
                    0.110324427485466,
                    0.4447319805622101
                ],
                [
                    3.725290298461914e-09,
                    0.8241574168205261,
                    0.5663607120513916,
                    2.2830729484558105
                ],
                [
                    0.0,
                    0.0,
                    0.0,
                    1.0
                ]
            ]
        },
        {
            "file_path": "./train/r_34",
            "rotation": 0.012566370614359171,
            "transform_matrix": [
                [
                    -0.9948995113372803,
                    0.07081080973148346,
                    -0.07183907926082611,
                    -0.2895926237106323
                ],
                [
                    -0.10087133944034576,
                    -0.6984108686447144,
                    0.7085527777671814,
                    2.8562679290771484
                ],
                [
                    0.0,
                    0.7121854424476624,
                    0.7019913196563721,
                    2.829817771911621
                ],
                [
                    0.0,
                    0.0,
                    0.0,
                    1.0
                ]
            ]
        },
        {
            "file_path": "./train/r_35",
            "rotation": 0.012566370614359171,
            "transform_matrix": [
                [
                    0.9917411804199219,
                    0.12730006873607635,
                    -0.015628011897206306,
                    -0.06299853324890137
                ],
                [
                    -0.12825576961040497,
                    0.9843511581420898,
                    -0.12084401398897171,
                    -0.4871377944946289
                ],
                [
                    0.0,
                    0.12185042351484299,
                    0.9925485253334045,
                    4.001091003417969
                ],
                [
                    0.0,
                    0.0,
                    0.0,
                    1.0
                ]
            ]
        },
        {
            "file_path": "./train/r_36",
            "rotation": 0.012566370614359171,
            "transform_matrix": [
                [
                    0.9226333498954773,
                    -0.14870479702949524,
                    0.3558574318885803,
                    1.4345073699951172
                ],
                [
                    0.38567817211151123,
                    0.3557370603084564,
                    -0.8512951135635376,
                    -3.431680679321289
                ],
                [
                    0.0,
                    0.9226798415184021,
                    0.3855670392513275,
                    1.554270625114441
                ],
                [
                    0.0,
                    0.0,
                    0.0,
                    1.0
                ]
            ]
        },
        {
            "file_path": "./train/r_37",
            "rotation": 0.012566370614359171,
            "transform_matrix": [
                [
                    0.41649529337882996,
                    -0.7269943356513977,
                    0.5459036231040955,
                    2.200608253479004
                ],
                [
                    0.9091379642486572,
                    0.333051472902298,
                    -0.25008997321128845,
                    -1.0081450939178467
                ],
                [
                    -1.4901162970204496e-08,
                    0.6004629135131836,
                    0.7996523976325989,
                    3.2235021591186523
                ],
                [
                    0.0,
                    0.0,
                    0.0,
                    1.0
                ]
            ]
        },
        {
            "file_path": "./train/r_38",
            "rotation": 0.012566370614359171,
            "transform_matrix": [
                [
                    0.7624182105064392,
                    -0.12263459712266922,
                    0.6353574991226196,
                    2.5612082481384277
                ],
                [
                    0.6470845937728882,
                    0.14449246227741241,
                    -0.7486009001731873,
                    -3.017707109451294
                ],
                [
                    0.0,
                    0.9818770885467529,
                    0.18951861560344696,
                    0.7639740109443665
                ],
                [
                    0.0,
                    0.0,
                    0.0,
                    1.0
                ]
            ]
        },
        {
            "file_path": "./train/r_39",
            "rotation": 0.012566370614359171,
            "transform_matrix": [
                [
                    0.2564617991447449,
                    -0.8037375807762146,
                    0.5368736386299133,
                    2.1642067432403564
                ],
                [
                    0.9665543437004089,
                    0.21326063573360443,
                    -0.14245198667049408,
                    -0.574242353439331
                ],
                [
                    7.450580152834618e-09,
                    0.5554510354995728,
                    0.8315492272377014,
                    3.3520822525024414
                ],
                [
                    0.0,
                    0.0,
                    0.0,
                    1.0
                ]
            ]
        },
        {
            "file_path": "./train/r_40",
            "rotation": 0.012566370614359171,
            "transform_matrix": [
                [
                    -0.6366926431655884,
                    0.7380074858665466,
                    -0.22353428602218628,
                    -0.9010955095291138
                ],
                [
                    -0.7711177468299866,
                    -0.6093543171882629,
                    0.1845666617155075,
                    0.7440119981765747
                ],
                [
                    -1.4901161193847656e-08,
                    0.28988346457481384,
                    0.9570619463920593,
                    3.8580400943756104
                ],
                [
                    0.0,
                    0.0,
                    0.0,
                    1.0
                ]
            ]
        },
        {
            "file_path": "./train/r_41",
            "rotation": 0.012566370614359171,
            "transform_matrix": [
                [
                    0.30312085151672363,
                    -0.9526972770690918,
                    0.022033434361219406,
                    0.08881962299346924
                ],
                [
                    0.9529521465301514,
                    0.3030397891998291,
                    -0.007008529733866453,
                    -0.028252288699150085
                ],
                [
                    -4.656612873077393e-10,
                    0.023121336475014687,
                    0.9997326135635376,
                    4.030051231384277
                ],
                [
                    0.0,
                    0.0,
                    0.0,
                    1.0
                ]
            ]
        },
        {
            "file_path": "./train/r_42",
            "rotation": 0.012566370614359171,
            "transform_matrix": [
                [
                    -0.03712034970521927,
                    0.8411902189254761,
                    -0.5394636392593384,
                    -2.174647808074951
                ],
                [
                    -0.9993107914924622,
                    -0.031246814876794815,
                    0.020038891583681107,
                    0.08077936619520187
                ],
                [
                    0.0,
                    0.5398357510566711,
                    0.8417702317237854,
                    3.393284559249878
                ],
                [
                    0.0,
                    0.0,
                    0.0,
                    1.0
                ]
            ]
        },
        {
            "file_path": "./train/r_43",
            "rotation": 0.012566370614359171,
            "transform_matrix": [
                [
                    -0.6901955008506775,
                    -0.6384692192077637,
                    0.34056878089904785,
                    1.3728766441345215
                ],
                [
                    0.7236227989196777,
                    -0.6089755296707153,
                    0.324836403131485,
                    1.3094574213027954
                ],
                [
                    1.4901161193847656e-08,
                    0.47064390778541565,
                    0.882323145866394,
                    3.556758403778076
                ],
                [
                    0.0,
                    0.0,
                    0.0,
                    1.0
                ]
            ]
        },
        {
            "file_path": "./train/r_44",
            "rotation": 0.012566370614359171,
            "transform_matrix": [
                [
                    -0.9385526180267334,
                    -0.31127551198005676,
                    0.1490858644247055,
                    0.6009843349456787
                ],
                [
                    0.34513625502586365,
                    -0.8464727401733398,
                    0.40541937947273254,
                    1.6342978477478027
                ],
                [
                    -1.4901161193847656e-08,
                    0.4319622814655304,
                    0.9018915891647339,
                    3.63564133644104
                ],
                [
                    0.0,
                    0.0,
                    0.0,
                    1.0
                ]
            ]
        },
        {
            "file_path": "./train/r_45",
            "rotation": 0.012566370614359171,
            "transform_matrix": [
                [
                    0.8042922019958496,
                    0.3638495206832886,
                    -0.46981650590896606,
                    -1.8938908576965332
                ],
                [
                    -0.5942339897155762,
