{
    "camera_angle_x": 0.6911112070083618,
    "frames": [
        {
            "file_path": "./train/r_0",
            "rotation": 0.031415926535897934,
            "transform_matrix": [
                [
                    -0.9931654334068298,
                    0.11665989458560944,
                    -0.0036007415037602186,
                    -0.014515053480863571
                ],
                [
                    -0.1167154610157013,
                    -0.9926926493644714,
                    0.03063974715769291,
                    0.12351277470588684
                ],
                [
                    2.3283064365386963e-10,
                    0.030850842595100403,
                    0.9995239973068237,
                    4.029210090637207
                ],
                [
                    0.0,
                    0.0,
                    0.0,
                    1.0
                ]
            ]
        },
        {
            "file_path": "./train/r_1",
            "rotation": 0.031415926535897934,
            "transform_matrix": [
                [
                    0.17595364153385162,
                    0.18060050904750824,
                    -0.9676899313926697,
                    -3.9008827209472656
                ],
                [
                    -0.9843984842300415,
                    0.032280951738357544,
                    -0.1729671210050583,
                    -0.6972527503967285
                ],
                [
                    1.862645149230957e-09,
                    0.9830266237258911,
                    0.18346279859542847,
                    0.7395621538162231
                ],
                [
                    0.0,
                    0.0,
                    0.0,
                    1.0
                ]
            ]
        },
        {
            "file_path": "./train/r_2",
            "rotation": 0.031415926535897934,
            "transform_matrix": [
                [
                    -0.26423323154449463,
                    0.893836259841919,
                    -0.3622671067714691,
                    -1.4603452682495117
                ],
                [
                    -0.9644588232040405,
                    -0.24488472938537598,
                    0.09925048798322678,
                    0.4000914692878723
                ],
                [
                    -7.450581485102248e-09,
                    0.37561681866645813,
                    0.9267750978469849,
                    3.7359495162963867
                ],
                [
                    0.0,
                    0.0,
                    0.0,
                    1.0
                ]
            ]
        },
        {
            "file_path": "./train/r_3",
            "rotation": 0.031415926535897934,
            "transform_matrix": [
                [
                    -0.6405953764915466,
                    -0.5866147875785828,
                    0.4955003559589386,
                    1.9974257946014404
                ],
                [
                    0.7678787112236023,
                    -0.4893777668476105,
                    0.413366436958313,
                    1.6663334369659424
                ],
                [
                    0.0,
                    0.6452847719192505,
                    0.7639421224594116,
                    3.0795493125915527
                ],
                [
                    0.0,
                    0.0,
                    0.0,
                    1.0
                ]
            ]
        },
        {
            "file_path": "./train/r_4",
            "rotation": 0.031415926535897934,
            "transform_matrix": [
                [
                    -0.9952399730682373,
                    -0.09590141475200653,
                    0.017331363633275032,
                    0.06986495107412338
                ],
                [
                    0.09745491296052933,
                    -0.9793751835823059,
                    0.17699329555034637,
                    0.7134827375411987
                ],
                [
                    0.0,
                    0.17783980071544647,
                    0.9840595126152039,
                    3.9668703079223633
                ],
                [
                    0.0,
                    0.0,
                    0.0,
                    1.0
                ]
            ]
        },
        {
            "file_path": "./train/r_5",
            "rotation": 0.031415926535897934,
            "transform_matrix": [
                [
                    -0.6356714367866516,
                    0.6549116969108582,
                    -0.4086715281009674,
                    -1.6474074125289917
                ],
                [
                    -0.7719598412513733,
                    -0.5392880439758301,
                    0.336521178483963,
                    1.3565601110458374
                ],
                [
                    -1.4901162970204496e-08,
                    0.529394805431366,
                    0.8483756184577942,
                    3.4199111461639404
                ],
                [
                    0.0,
                    0.0,
                    0.0,
                    1.0
                ]
            ]
        },
        {
            "file_path": "./train/r_6",
            "rotation": 0.031415926535897934,
            "transform_matrix": [
                [
                    0.6926984786987305,
                    0.4667160212993622,
                    -0.5498590469360352,
                    -2.216552495956421
                ],
                [
                    -0.7212272882461548,
                    0.44825461506843567,
                    -0.5281088352203369,
                    -2.1288745403289795
                ],
                [
                    0.0,
                    0.7623934149742126,
                    0.6471137404441833,
                    2.6085987091064453
                ],
                [
                    0.0,
                    0.0,
                    0.0,
                    1.0
                ]
            ]
        },
        {
            "file_path": "./train/r_7",
            "rotation": 0.031415926535897934,
            "transform_matrix": [
                [
                    -0.9102070927619934,
                    -0.2941514551639557,
                    0.2915443181991577,
                    1.175252914428711
                ],
                [
                    0.4141535758972168,
                    -0.6464720964431763,
                    0.6407422423362732,
                    2.5829148292541504
                ],
                [
                    0.0,
                    0.7039523124694824,
                    0.7102472186088562,
                    2.863098382949829
                ],
                [
                    0.0,
                    0.0,
                    0.0,
                    1.0
                ]
            ]
        },
        {
            "file_path": "./train/r_8",
            "rotation": 0.031415926535897934,
            "transform_matrix": [
                [
                    -0.9889931678771973,
                    0.05509624630212784,
                    -0.1373206079006195,
                    -0.5535570979118347
                ],
                [
                    -0.1479613035917282,
                    -0.3682706654071808,
                    0.9178693294525146,
                    3.700049638748169
                ],
                [
                    3.725290298461914e-09,
                    0.9280846118927002,
                    0.37236928939819336,
                    1.5010685920715332
                ],
                [
                    0.0,
                    0.0,
                    0.0,
                    1.0
                ]
            ]
        },
        {
            "file_path": "./train/r_9",
            "rotation": 0.031415926535897934,
            "transform_matrix": [
                [
                    -0.9947916269302368,
                    -0.061365824192762375,
                    0.081388920545578,
                    0.32808923721313477
                ],
                [
                    0.10193097591400146,
                    -0.5988975167274475,
                    0.7943121790885925,
                    3.201974868774414
                ],
                [
                    3.725290742551124e-09,
                    0.7984710931777954,
                    0.6020331978797913,
                    2.4268734455108643
                ],
                [
                    0.0,
                    0.0,
                    0.0,
                    1.0
                ]
            ]
        },
        {
            "file_path": "./train/r_10",
            "rotation": 0.031415926535897934,
            "transform_matrix": [
                [
                    0.7867703437805176,
                    0.44775211811065674,
                    -0.424865186214447,
                    -1.7126864194869995
                ],
                [
                    -0.6172458529472351,
                    0.570725679397583,
                    -0.5415529012680054,
                    -2.1830697059631348
                ],
                [
                    1.4901162970204496e-08,
                    0.6883240342140198,
                    0.7254031896591187,
                    2.924194097518921
                ],
                [
                    0.0,
                    0.0,
                    0.0,
                    1.0
                ]
            ]
        },
        {
            "file_path": "./train/r_11",
            "rotation": 0.031415926535897934,
            "transform_matrix": [
                [
                    -0.8369413614273071,
                    0.12156601250171661,
                    -0.5336205363273621,
                    -2.1510932445526123
                ],
                [
                    -0.5472926497459412,
                    -0.18590350449085236,
                    0.8160334825515747,
                    3.289536237716675
                ],
                [
                    1.4901161193847656e-08,
                    0.9750187993049622,
                    0.22212250530719757,
                    0.8954044580459595
                ],
                [
                    0.0,
                    0.0,
                    0.0,
                    1.0
                ]
            ]
        },
        {
            "file_path": "./train/r_12",
            "rotation": 0.031415926535897934,
            "transform_matrix": [
                [
                    -0.7436203360557556,
                    -0.08445125073194504,
                    0.6632471084594727,
                    2.6736345291137695
                ],
                [
                    0.6686020493507385,
                    -0.0939268246293068,
                    0.737664520740509,
                    2.973620891571045
                ],
                [
                    3.725290742551124e-09,
                    0.9919907450675964,
                    0.12631018459796906,
                    0.5091726183891296
                ],
                [
                    0.0,
                    0.0,
                    0.0,
                    1.0
                ]
            ]
        },
        {
            "file_path": "./train/r_13",
            "rotation": 0.031415926535897934,
            "transform_matrix": [
                [
                    0.1206090971827507,
                    0.6435482501983643,
                    -0.7558432817459106,
                    -3.0469019412994385
                ],
                [
                    -0.9927002191543579,
                    0.07818853110074997,
                    -0.09183192253112793,
                    -0.37018635869026184
                ],
                [
                    3.725290742551124e-09,
                    0.7614015340805054,
                    0.6482805609703064,
                    2.613302707672119
                ],
                [
                    0.0,
                    0.0,
                    0.0,
                    1.0
                ]
            ]
        },
        {
            "file_path": "./train/r_14",
            "rotation": 0.031415926535897934,
            "transform_matrix": [
                [
                    -0.6548222303390503,
                    -0.5356132388114929,
                    0.5332225561141968,
                    2.149489164352417
                ],
                [
                    0.7557830810546875,
                    -0.4640636742115021,
                    0.4619923532009125,
                    1.8623508214950562
                ],
                [
                    0.0,
                    0.7055234313011169,
                    0.7086865305900574,
                    2.856806993484497
                ],
                [
                    0.0,
                    0.0,
                    0.0,
                    1.0
                ]
            ]
        },
        {
            "file_path": "./train/r_15",
            "rotation": 0.031415926535897934,
            "transform_matrix": [
                [
                    -0.09956257045269012,
                    -0.9936538934707642,
                    0.052337244153022766,
                    0.2109781801700592
                ],
                [
                    0.9950312972068787,
                    -0.09942474216222763,
                    0.005236850585788488,
                    0.021110419183969498
                ],
                [
                    0.0,
                    0.05259853973984718,
                    0.9986157417297363,
                    4.025548934936523
                ],
                [
                    0.0,
                    0.0,
                    0.0,
                    1.0
                ]
            ]
        },
        {
            "file_path": "./train/r_16",
            "rotation": 0.031415926535897934,
            "transform_matrix": [
                [
                    0.8652248382568359,
                    0.28745484352111816,
                    -0.4107992947101593,
                    -1.655984878540039
                ],
                [
                    -0.5013845562934875,
                    0.4960525333881378,
                    -0.7089044451713562,
                    -2.8576853275299072
                ],
                [
                    0.0,
                    0.8193298578262329,
                    0.5733222961425781,
                    2.31113600730896
                ],
                [
                    0.0,
                    0.0,
                    0.0,
                    1.0
                ]
            ]
        },
        {
            "file_path": "./train/r_17",
            "rotation": 0.031415926535897934,
            "transform_matrix": [
                [
                    -0.6900181174278259,
                    0.20473520457744598,
                    -0.6942323446273804,
                    -2.7985401153564453
                ],
                [
                    -0.7237921953201294,
                    -0.195181742310524,
                    0.661837637424469,
                    2.6679527759552
                ],
                [
                    -1.4901162970204496e-08,
                    0.959159791469574,
                    0.28286463022232056,
                    1.1402637958526611
                ],
                [
                    0.0,
                    0.0,
                    0.0,
                    1.0
                ]
            ]
        },
        {
            "file_path": "./train/r_18",
            "rotation": 0.031415926535897934,
            "transform_matrix": [
                [
                    0.992405891418457,
                    -0.09366000443696976,
                    0.07973911613225937,
                    0.32143867015838623
                ],
                [
                    0.12300620228052139,
                    0.7556427121162415,
                    -0.643329918384552,
                    -2.593345880508423
                ],
                [
                    0.0,
                    0.6482527852058411,
                    0.7614250779151917,
                    3.0694026947021484
                ],
                [
                    0.0,
                    0.0,
                    0.0,
                    1.0
                ]
            ]
        },
        {
            "file_path": "./train/r_19",
            "rotation": 0.031415926535897934,
            "transform_matrix": [
                [
                    -0.7366608381271362,
                    -0.44210225343704224,
                    0.5117385983467102,
                    2.0628843307495117
                ],
                [
                    0.676262378692627,
                    -0.48158738017082214,
                    0.5574430823326111,
                    2.2471249103546143
                ],
                [
                    1.4901161193847656e-08,
                    0.7567160129547119,
                    0.6537436246871948,
                    2.635324716567993
                ],
                [
                    0.0,
                    0.0,
                    0.0,
                    1.0
                ]
            ]
        },
        {
            "file_path": "./train/r_20",
            "rotation": 0.031415926535897934,
            "transform_matrix": [
                [
                    -0.6036483645439148,
                    -0.40108007192611694,
                    0.6890162825584412,
                    2.7775135040283203
                ],
                [
                    0.7972506880760193,
                    -0.3036828339099884,
                    0.5216973423957825,
                    2.103029251098633
                ],
                [
                    1.4901161193847656e-08,
                    0.8642404079437256,
                    0.5030789375305176,
                    2.0279760360717773
                ],
                [
                    0.0,
                    0.0,
                    0.0,
                    1.0
                ]
            ]
        },
        {
            "file_path": "./train/r_21",
            "rotation": 0.031415926535897934,
            "transform_matrix": [
                [
                    -0.6201362609863281,
                    0.4122832119464874,
                    -0.6674230694770813,
                    -2.6904685497283936
                ],
                [
                    -0.7844942212104797,
                    -0.3259064853191376,
                    0.5275925397872925,
                    2.126793622970581
                ],
                [
                    4.4703490686970326e-08,
                    0.8507686853408813,
                    0.5255401730537415,
                    2.1185202598571777
                ],
                [
                    0.0,
                    0.0,
                    0.0,
                    1.0
                ]
            ]
        },
        {
            "file_path": "./train/r_22",
            "rotation": 0.031415926535897934,
            "transform_matrix": [
                [
                    -0.9608783721923828,
                    0.1852453052997589,
                    -0.2059052288532257,
                    -0.8300305008888245
                ],
                [
                    -0.2769707143306732,
                    -0.6426606774330139,
                    0.7143349647521973,
                    2.8795764446258545
                ],
                [
                    0.0,
                    0.7434187531471252,
                    0.6688262224197388,
                    2.696124792098999
                ],
                [
                    0.0,
                    0.0,
                    0.0,
                    1.0
                ]
            ]
        },
        {
            "file_path": "./train/r_23",
            "rotation": 0.031415926535897934,
            "transform_matrix": [
                [
                    -0.7942097187042236,
                    0.19454513490200043,
                    -0.5756588578224182,
                    -2.3205549716949463
                ],
                [
                    -0.6076437830924988,
                    -0.25427669286727905,
                    0.7524044513702393,
                    3.0330393314361572
                ],
                [
                    0.0,
                    0.9473624229431152,
                    0.32016313076019287,
                    1.290618896484375
                ],
                [
                    0.0,
                    0.0,
                    0.0,
                    1.0
                ]
            ]
        },
        {
            "file_path": "./train/r_24",
            "rotation": 0.031415926535897934,
            "transform_matrix": [
                [
                    0.5176182985305786,
                    -0.8109837174415588,
                    0.27272096276283264,
                    1.0993733406066895
                ],
                [
                    0.8556117415428162,
                    0.4906197786331177,
                    -0.16498765349388123,
                    -0.6650865077972412
                ],
                [
                    0.0,
                    0.3187439739704132,
                    0.9478409290313721,
                    3.820868968963623
                ],
                [
                    0.0,
                    0.0,
                    0.0,
                    1.0
                ]
            ]
        },
        {
            "file_path": "./train/r_25",
            "rotation": 0.031415926535897934,
            "transform_matrix": [
                [
                    -0.9859994649887085,
                    -0.15060679614543915,
                    0.07157329469919205,
                    0.2885211408138275
                ],
                [
                    0.1667487472295761,
                    -0.8905507326126099,
                    0.4232189357280731,
                    1.706049919128418
                ],
                [
                    0.0,
                    0.429228276014328,
                    0.9031960964202881,
                    3.640899419784546
                ],
                [
                    0.0,
                    0.0,
                    0.0,
                    1.0
                ]
            ]
        },
        {
            "file_path": "./train/r_26",
            "rotation": 0.031415926535897934,
            "transform_matrix": [
                [
                    -0.11440963298082352,
                    0.9056479930877686,
                    -0.4083038568496704,
                    -1.645925521850586
                ],
                [
                    -0.9934337139129639,
                    -0.10429970920085907,
                    0.047022655606269836,
                    0.1895543932914734
                ],
                [
                    0.0,
                    0.4110026955604553,
                    0.9116341471672058,
                    3.674914836883545
                ],
                [
                    0.0,
                    0.0,
                    0.0,
                    1.0
                ]
            ]
        },
        {
            "file_path": "./train/r_27",
            "rotation": 0.031415926535897934,
            "transform_matrix": [
                [
                    -0.9129314422607422,
                    0.1905314326286316,
                    -0.3609072268009186,
                    -1.4548635482788086
                ],
                [
                    -0.4081130921840668,
                    -0.4262106418609619,
                    0.8073339462280273,
                    3.254467248916626
                ],
                [
                    0.0,
                    0.8843314051628113,
                    0.46685948967933655,
                    1.881970763206482
                ],
                [
                    0.0,
                    0.0,
                    0.0,
                    1.0
                ]
            ]
        },
        {
            "file_path": "./train/r_28",
            "rotation": 0.031415926535897934,
            "transform_matrix": [
                [
                    -0.9987775087356567,
                    -0.03443180397152901,
                    0.03546790033578873,
                    0.14297567307949066
                ],
                [
                    0.049431994557380676,
                    -0.695697546005249,
                    0.7166319489479065,
                    2.888835906982422
                ],
                [
                    0.0,
                    0.7175091505050659,
                    0.6965490579605103,
                    2.8078789710998535
                ],
                [
                    0.0,
                    0.0,
                    0.0,
                    1.0
                ]
            ]
        },
        {
            "file_path": "./train/r_29",
            "rotation": 0.031415926535897934,
            "transform_matrix": [
                [
                    -0.9380095601081848,
                    0.14595964550971985,
                    -0.3143785297870636,
                    -1.2673003673553467
                ],
                [
                    -0.3466093838214874,
                    -0.3950023949146271,
                    0.850784957408905,
                    3.42962384223938
                ],
                [
                    7.450580596923828e-09,
                    0.9070108532905579,
                    0.42110705375671387,
                    1.697536826133728
                ],
                [
                    0.0,
                    0.0,
                    0.0,
                    1.0
                ]
            ]
        },
        {
            "file_path": "./train/r_30",
            "rotation": 0.031415926535897934,
            "transform_matrix": [
                [
                    0.9953367710113525,
                    -0.06887686997652054,
                    0.0675358697772026,
                    0.2722457945346832
                ],
                [
                    0.09646306931972504,
                    0.7106935977935791,
                    -0.6968567967414856,
                    -2.809119701385498
                ],
                [
                    3.725291186640334e-09,
                    0.7001218199729919,
                    0.7140234112739563,
                    2.8783204555511475
                ],
                [
                    0.0,
                    0.0,
                    0.0,
                    1.0
                ]
            ]
        },
        {
            "file_path": "./train/r_31",
            "rotation": 0.031415926535897934,
            "transform_matrix": [
                [
                    0.7393098473548889,
                    -0.5217713713645935,
                    0.42564713954925537,
                    1.7158386707305908
                ],
                [
                    0.6733654141426086,
                    0.5728698372840881,
                    -0.4673318862915039,
                    -1.8838752508163452
                ],
                [
                    -1.4901162970204496e-08,
                    0.6321190595626831,
                    0.7748711109161377,
                    3.123605489730835
                ],
                [
                    0.0,
                    0.0,
                    0.0,
                    1.0
                ]
            ]
        },
        {
            "file_path": "./train/r_32",
            "rotation": 0.031415926535897934,
            "transform_matrix": [
                [
                    -0.07361133396625519,
                    0.429252564907074,
                    -0.9001796841621399,
                    -3.6287405490875244
                ],
                [
                    -0.9972870945930481,
                    -0.03168381005525589,
                    0.06644368171691895,
                    0.2678430676460266
                ],
                [
                    0.0,
                    0.9026286005973816,
                    0.43042027950286865,
                    1.7350797653198242
                ],
                [
                    0.0,
                    0.0,
                    0.0,
                    1.0
                ]
            ]
        },
        {
            "file_path": "./train/r_33",
            "rotation": 0.031415926535897934,
            "transform_matrix": [
                [
                    -0.194859117269516,
                    0.7659115791320801,
                    -0.6127066612243652,
                    -2.4698996543884277
                ],
                [
                    -0.9808313250541687,
                    -0.1521615833044052,
                    0.12172477692365646,
                    0.4906882643699646
                ],
                [
                    0.0,
                    0.6246809959411621,
                    0.7808799743652344,
                    3.1478278636932373
                ],
                [
                    0.0,
                    0.0,
                    0.0,
                    1.0
                ]
            ]
        },
        {
            "file_path": "./train/r_34",
            "rotation": 0.031415926535897934,
            "transform_matrix": [
                [
                    0.9998917579650879,
                    0.011500461958348751,
                    -0.009176548570394516,
                    -0.036991849541664124
                ],
                [
                    -0.014712907373905182,
                    0.7815733551979065,
                    -0.6236398220062256,
                    -2.513972520828247
                ],
                [
                    0.0,
                    0.6237073540687561,
                    0.781657874584198,
                    3.15096378326416
                ],
                [
                    0.0,
                    0.0,
                    0.0,
                    1.0
                ]
            ]
        },
        {
            "file_path": "./train/r_35",
            "rotation": 0.031415926535897934,
            "transform_matrix": [
                [
                    -0.5547561049461365,
                    0.7496230006217957,
                    -0.36098623275756836,
                    -1.4551820755004883
                ],
                [
                    -0.8320131301879883,
                    -0.49982139468193054,
                    0.24069249629974365,
                    0.9702624678611755
                ],
                [
                    -1.4901162970204496e-08,
                    0.4338708519935608,
                    0.9009750485420227,
                    3.631946563720703
                ],
                [
                    0.0,
                    0.0,
                    0.0,
                    1.0
                ]
            ]
        },
        {
            "file_path": "./train/r_36",
            "rotation": 0.031415926535897934,
            "transform_matrix": [
                [
                    -0.9439789056777954,
                    0.21636168658733368,
                    -0.24918167293071747,
                    -1.0044834613800049
                ],
                [
                    -0.3300059139728546,
                    -0.6189005970954895,
                    0.7127819061279297,
                    2.8733158111572266
                ],
                [
                    0.0,
                    0.755082368850708,
                    0.6556298136711121,
                    2.6429283618927
                ],
                [
                    0.0,
                    0.0,
                    0.0,
                    1.0
                ]
            ]
        },
        {
            "file_path": "./train/r_37",
            "rotation": 0.031415926535897934,
            "transform_matrix": [
                [
                    -0.09445871412754059,
                    -0.9804027080535889,
                    0.17288167774677277,
                    0.6969083547592163
                ],
                [
                    0.9955288171768188,
                    -0.09302350878715515,
                    0.016403524205088615,
                    0.06612472236156464
                ],
                [
                    0.0,
                    0.17365813255310059,
                    0.9848060011863708,
                    3.9698798656463623
                ],
                [
                    0.0,
                    0.0,
                    0.0,
                    1.0
                ]
            ]
        },
        {
            "file_path": "./train/r_38",
            "rotation": 0.031415926535897934,
            "transform_matrix": [
                [
                    -0.9984956979751587,
                    0.053965143859386444,
                    -0.00970414374023676,
                    -0.039118655025959015
                ],
                [
                    -0.05483071506023407,
                    -0.9827331900596619,
                    0.17671748995780945,
                    0.7123709917068481
                ],
                [
                    9.313225746154785e-10,
                    0.1769838184118271,
                    0.9842137694358826,
                    3.9674925804138184
                ],
                [
                    0.0,
                    0.0,
                    0.0,
                    1.0
                ]
            ]
        },
        {
            "file_path": "./train/r_39",
            "rotation": 0.031415926535897934,
            "transform_matrix": [
                [
                    -0.8026451468467712,
                    0.09196524322032928,
                    -0.5893242359161377,
                    -2.3756420612335205
                ],
                [
                    -0.59645676612854,
                    -0.12375659495592117,
                    0.7930470108985901,
                    3.1968748569488525
                ],
                [
                    0.0,
                    0.988041877746582,
                    0.1541859209537506,
                    0.6215433478355408
                ],
                [
                    0.0,
                    0.0,
                    0.0,
                    1.0
                ]
            ]
        },
        {
            "file_path": "./train/r_40",
            "rotation": 0.031415926535897934,
            "transform_matrix": [
                [
                    0.5394390821456909,
                    -0.746679425239563,
                    0.3891982436180115,
                    1.5689083337783813
                ],
                [
                    0.8420246243476868,
                    0.47835659980773926,
                    -0.24933801591396332,
                    -1.0051137208938599
                ],
                [
                    1.4901161193847656e-08,
                    0.46221721172332764,
                    0.8867667317390442,
                    3.5746710300445557
                ],
                [
                    0.0,
                    0.0,
                    0.0,
                    1.0
                ]
            ]
        },
        {
            "file_path": "./train/r_41",
            "rotation": 0.031415926535897934,
            "transform_matrix": [
                [
                    0.760299563407898,
                    -0.5815868377685547,
                    0.28931164741516113,
                    1.166252613067627
                ],
                [
                    0.6495726108551025,
                    0.6807247996330261,
                    -0.33862802386283875,
                    -1.3650531768798828
                ],
                [
                    0.0,
                    0.4453875720500946,
                    0.8953378200531006,
                    3.609222173690796
                ],
                [
                    0.0,
                    0.0,
                    0.0,
                    1.0
                ]
            ]
        },
        {
            "file_path": "./train/r_42",
            "rotation": 0.031415926535897934,
            "transform_matrix": [
                [
                    -0.6822231411933899,
                    0.5487454533576965,
                    -0.48316675424575806,
                    -1.9477074146270752
                ],
                [
                    -0.7311441898345947,
                    -0.5120287537574768,
                    0.4508379399776459,
                    1.8173857927322388
                ],
                [
                    0.0,
                    0.6608365774154663,
                    0.7505298256874084,
                    3.025482416152954
                ],
                [
                    0.0,
                    0.0,
                    0.0,
                    1.0
                ]
            ]
        },
        {
            "file_path": "./train/r_43",
            "rotation": 0.031415926535897934,
            "transform_matrix": [
                [
                    -0.987517237663269,
                    0.04264049977064133,
                    -0.15162943303585052,
                    -0.6112378239631653
                ],
                [
                    -0.15751095116138458,
                    -0.26733526587486267,
                    0.950643002986908,
                    3.8321645259857178
                ],
                [
                    0.0,
                    0.9626596570014954,
                    0.27071452140808105,
                    1.0912851095199585
                ],
                [
                    0.0,
                    0.0,
                    0.0,
                    1.0
                ]
            ]
        },
        {
            "file_path": "./train/r_44",
            "rotation": 0.031415926535897934,
            "transform_matrix": [
                [
                    -0.1960630714893341,
                    -0.3001472055912018,
                    0.9335259795188904,
                    3.7631638050079346
                ],
                [
                    0.9805912375450134,
                    -0.06001255288720131,
                    0.18665266036987305,
                    0.7524210214614868
                ],
                [
                    3.725290298461914e-09,
                    0.9520031809806824,
                    0.3060879409313202,
                    1.2338800430297852
                ],
                [
                    0.0,
                    0.0,
                    0.0,
                    1.0
                ]
            ]
        },
        {
            "file_path": "./train/r_45",
            "rotation": 0.031415926535897934,
            "transform_matrix": [
                [
                    0.29388996958732605,
                    0.8503021597862244,
                    -0.43659457564353943,
                    -1.7599689960479736
                ],
                [
                    -0.9558392763137817,
                    0.2614406943321228,
