{
    "camera_angle_x": 0.6911112070083618,
    "frames": [
        {
            "file_path": "./train/r_0",
            "rotation": 0.031415926535897934,
            "transform_matrix": [
                [
                    0.5752410888671875,
                    -0.21062353253364563,
                    0.7904020547866821,
                    3.1862127780914307
                ],
                [
                    0.8179839849472046,
                    0.14811943471431732,
                    -0.5558443069458008,
                    -2.24068021774292
                ],
                [
                    -1.4901161193847656e-08,
                    0.9662806987762451,
                    0.25749099254608154,
                    1.0379794836044312
                ],
                [
                    0.0,
                    0.0,
                    0.0,
                    1.0
                ]
            ]
        },
        {
            "file_path": "./train/r_1",
            "rotation": 0.031415926535897934,
            "transform_matrix": [
                [
                    -0.1444358229637146,
                    -0.8753818273544312,
                    0.461351215839386,
                    1.8597662448883057
                ],
                [
                    0.9895142316818237,
                    -0.12777632474899292,
                    0.06734177470207214,
                    0.2714633643627167
                ],
                [
                    -3.725290742551124e-09,
                    0.4662401080131531,
                    0.88465815782547,
                    3.566171169281006
                ],
                [
                    0.0,
                    0.0,
                    0.0,
                    1.0
                ]
            ]
        },
        {
            "file_path": "./train/r_2",
            "rotation": 0.031415926535897934,
            "transform_matrix": [
                [
                    -0.9983948469161987,
                    -0.04111512377858162,
                    0.03895224258303642,
                    0.15702150762081146
                ],
                [
                    0.056636832654476166,
                    -0.7247779965400696,
                    0.6866506934165955,
                    2.767977476119995
                ],
                [
                    0.0,
                    0.6877546310424805,
                    0.7259432077407837,
                    2.926370620727539
                ],
                [
                    0.0,
                    0.0,
                    0.0,
                    1.0
                ]
            ]
        },
        {
            "file_path": "./train/r_3",
            "rotation": 0.031415926535897934,
            "transform_matrix": [
                [
                    0.5099061131477356,
                    0.8427494764328003,
                    -0.17253728210926056,
                    -0.6955200433731079
                ],
                [
                    -0.8602301478385925,
                    0.4995443522930145,
                    -0.1022724136710167,
                    -0.4122732877731323
                ],
                [
                    0.0,
                    0.20057089626789093,
                    0.9796791672706604,
                    3.9492130279541016
                ],
                [
                    0.0,
                    0.0,
                    0.0,
                    1.0
                ]
            ]
        },
        {
            "file_path": "./train/r_4",
            "rotation": 0.031415926535897934,
            "transform_matrix": [
                [
                    0.9141569137573242,
                    -0.22605684399604797,
                    0.336475133895874,
                    1.356374740600586
                ],
                [
                    0.405360609292984,
                    0.5097964406013489,
                    -0.758808434009552,
                    -3.058854818344116
                ],
                [
                    0.0,
                    0.8300637006759644,
                    0.5576683878898621,
                    2.2480335235595703
                ],
                [
                    0.0,
                    0.0,
                    0.0,
                    1.0
                ]
            ]
        },
        {
            "file_path": "./train/r_5",
            "rotation": 0.031415926535897934,
            "transform_matrix": [
                [
                    -0.20190778374671936,
                    0.7089131474494934,
                    -0.6757774949073792,
                    -2.7241463661193848
                ],
                [
                    -0.9794045686721802,
                    -0.14614500105381012,
                    0.1393139660358429,
                    0.5615926384925842
                ],
                [
                    0.0,
                    0.6899881362915039,
                    0.7238205671310425,
                    2.917814254760742
                ],
                [
                    0.0,
                    0.0,
                    0.0,
                    1.0
                ]
            ]
        },
        {
            "file_path": "./train/r_6",
            "rotation": 0.031415926535897934,
            "transform_matrix": [
                [
                    0.9981333017349243,
                    -0.05618072301149368,
                    0.023955656215548515,
                    0.09656833857297897
                ],
                [
                    0.061074938625097275,
                    0.9181483387947083,
                    -0.39150163531303406,
                    -1.5781935453414917
                ],
                [
                    -1.862645371275562e-09,
                    0.3922339677810669,
                    0.9198654890060425,
                    3.708096504211426
                ],
                [
                    0.0,
                    0.0,
                    0.0,
                    1.0
                ]
            ]
        },
        {
            "file_path": "./train/r_7",
            "rotation": 0.031415926535897934,
            "transform_matrix": [
                [
                    0.24944627285003662,
                    0.3533870279788971,
                    -0.9016063809394836,
                    -3.6344916820526123
                ],
                [
                    -0.9683886766433716,
                    0.0910286083817482,
                    -0.2322438806295395,
                    -0.9362050294876099
                ],
                [
                    0.0,
                    0.9310377836227417,
                    0.3649227023124695,
                    1.471050500869751
                ],
                [
                    0.0,
                    0.0,
                    0.0,
                    1.0
                ]
            ]
        },
        {
            "file_path": "./train/r_8",
            "rotation": 0.031415926535897934,
            "transform_matrix": [
                [
                    0.7463536262512207,
                    -0.3746618628501892,
                    0.550076961517334,
                    2.21743106842041
                ],
                [
                    0.6655494570732117,
                    0.42014944553375244,
                    -0.6168616414070129,
                    -2.4866487979888916
                ],
                [
                    0.0,
                    0.8265003561973572,
                    0.5629361271858215,
                    2.269268035888672
                ],
                [
                    0.0,
                    0.0,
                    0.0,
                    1.0
                ]
            ]
        },
        {
            "file_path": "./train/r_9",
            "rotation": 0.031415926535897934,
            "transform_matrix": [
                [
                    -0.560777485370636,
                    -0.4567858576774597,
                    0.6905615925788879,
                    2.783742904663086
                ],
                [
                    0.827966570854187,
                    -0.3093786835670471,
                    0.4677138328552246,
                    1.885414719581604
                ],
                [
                    -2.9802322387695312e-08,
                    0.8340452313423157,
                    0.5516960024833679,
                    2.2239577770233154
                ],
                [
                    0.0,
                    0.0,
                    0.0,
                    1.0
                ]
            ]
        },
        {
            "file_path": "./train/r_10",
            "rotation": 0.031415926535897934,
            "transform_matrix": [
                [
                    0.9640567302703857,
                    -0.21999233961105347,
                    0.14898981153964996,
                    0.6005971431732178
                ],
                [
                    0.2656964361667633,
                    0.7982233762741089,
                    -0.5405967831611633,
                    -2.179215431213379
                ],
                [
                    0.0,
                    0.5607519149780273,
                    0.8279837369918823,
                    3.3377091884613037
                ],
                [
                    0.0,
                    0.0,
                    0.0,
                    1.0
                ]
            ]
        },
        {
            "file_path": "./train/r_11",
            "rotation": 0.031415926535897934,
            "transform_matrix": [
                [
                    -0.6573596000671387,
                    -0.6193001866340637,
                    0.4293549358844757,
                    1.7307851314544678
                ],
                [
                    0.7535771727561951,
                    -0.5402272939682007,
                    0.3745344281196594,
                    1.5097966194152832
                ],
                [
                    1.4901162970204496e-08,
                    0.5697558522224426,
                    0.8218140006065369,
                    3.312838315963745
                ],
                [
                    0.0,
                    0.0,
                    0.0,
                    1.0
                ]
            ]
        },
        {
            "file_path": "./train/r_12",
            "rotation": 0.031415926535897934,
            "transform_matrix": [
                [
                    0.8698574900627136,
                    0.23552918434143066,
                    -0.43344441056251526,
                    -1.7472704648971558
                ],
                [
                    -0.4933032989501953,
                    0.4153161346912384,
                    -0.7643064260482788,
                    -3.0810179710388184
                ],
                [
                    -1.4901162970204496e-08,
                    0.8786572217941284,
                    0.4774530529975891,
                    1.9246749877929688
                ],
                [
                    0.0,
                    0.0,
                    0.0,
                    1.0
                ]
            ]
        },
        {
            "file_path": "./train/r_13",
            "rotation": 0.031415926535897934,
            "transform_matrix": [
                [
                    0.6973742246627808,
                    0.40411219000816345,
                    -0.5919142961502075,
                    -2.386082887649536
                ],
                [
                    -0.7167072296142578,
                    0.39321139454841614,
                    -0.5759475827217102,
                    -2.32171893119812
                ],
                [
                    1.4901161193847656e-08,
                    0.825880229473114,
                    0.5638455748558044,
                    2.2729341983795166
                ],
                [
                    0.0,
                    0.0,
                    0.0,
                    1.0
                ]
            ]
        },
        {
            "file_path": "./train/r_14",
            "rotation": 0.031415926535897934,
            "transform_matrix": [
                [
                    0.9303799271583557,
                    0.20587226748466492,
                    -0.3033311367034912,
                    -1.2227669954299927
                ],
                [
                    -0.3665967583656311,
                    0.5224798917770386,
                    -0.7698191404342651,
                    -3.103240489959717
                ],
                [
                    0.0,
                    0.8274245262145996,
                    0.5615768432617188,
                    2.263788938522339
                ],
                [
                    0.0,
                    0.0,
                    0.0,
                    1.0
                ]
            ]
        },
        {
            "file_path": "./train/r_15",
            "rotation": 0.031415926535897934,
            "transform_matrix": [
                [
                    -0.026361284777522087,
                    -0.8863131999969482,
                    0.46233534812927246,
                    1.8637334108352661
                ],
                [
                    0.9996525049209595,
                    -0.023372476920485497,
                    0.01219199039041996,
                    0.04914748668670654
                ],
                [
                    9.313225746154785e-10,
                    0.4624961316585541,
                    0.8866212964057922,
                    3.574084758758545
                ],
                [
                    0.0,
                    0.0,
                    0.0,
                    1.0
                ]
            ]
        },
        {
            "file_path": "./train/r_16",
            "rotation": 0.031415926535897934,
            "transform_matrix": [
                [
                    0.49316492676734924,
                    0.38197001814842224,
                    -0.7815927267074585,
                    -3.1507010459899902
                ],
                [
                    -0.8699358701705933,
                    0.21653805673122406,
                    -0.44308337569236755,
                    -1.7861262559890747
                ],
                [
                    1.4901162970204496e-08,
                    0.898448646068573,
                    0.4390783905982971,
                    1.7699816226959229
                ],
                [
                    0.0,
                    0.0,
                    0.0,
                    1.0
                ]
            ]
        },
        {
            "file_path": "./train/r_17",
            "rotation": 0.031415926535897934,
            "transform_matrix": [
                [
                    -0.26414769887924194,
                    0.3588780164718628,
                    -0.8952275514602661,
                    -3.6087779998779297
                ],
                [
                    -0.9644822478294373,
                    -0.09828775376081467,
                    0.24518056213855743,
                    0.988354504108429
                ],
                [
                    7.450581485102248e-09,
                    0.9281949996948242,
                    0.37209391593933105,
                    1.4999586343765259
                ],
                [
                    0.0,
                    0.0,
                    0.0,
                    1.0
                ]
            ]
        },
        {
            "file_path": "./train/r_18",
            "rotation": 0.031415926535897934,
            "transform_matrix": [
                [
                    0.823788046836853,
                    0.10339780896902084,
                    -0.5573887228965759,
                    -2.24690580368042
                ],
                [
                    -0.566897988319397,
                    0.150252565741539,
                    -0.8099696636199951,
                    -3.265092134475708
                ],
                [
                    0.0,
                    0.9832258820533752,
                    0.18239225447177887,
                    0.7352467179298401
                ],
                [
                    0.0,
                    0.0,
                    0.0,
                    1.0
                ]
            ]
        },
        {
            "file_path": "./train/r_19",
            "rotation": 0.031415926535897934,
            "transform_matrix": [
                [
                    0.22780855000019073,
                    -0.6000041961669922,
                    0.7668755650520325,
                    3.091374397277832
                ],
                [
                    0.9737060070037842,
                    0.14037716388702393,
                    -0.1794184297323227,
                    -0.7232588529586792
                ],
                [
                    -7.450581485102248e-09,
                    0.7875844240188599,
                    0.6162067651748657,
                    2.484009027481079
                ],
                [
                    0.0,
                    0.0,
                    0.0,
                    1.0
                ]
            ]
        },
        {
            "file_path": "./train/r_20",
            "rotation": 0.031415926535897934,
            "transform_matrix": [
                [
                    -0.940619945526123,
                    0.18180762231349945,
                    -0.2866708040237427,
                    -1.155606985092163
                ],
                [
                    -0.3394615650177002,
                    -0.5037738680839539,
                    0.7943410277366638,
                    3.2020912170410156
                ],
                [
                    0.0,
                    0.8444867730140686,
                    0.5355764031410217,
                    2.158977508544922
                ],
                [
                    0.0,
                    0.0,
                    0.0,
                    1.0
                ]
            ]
        },
        {
            "file_path": "./train/r_21",
            "rotation": 0.031415926535897934,
            "transform_matrix": [
                [
                    0.7826725244522095,
                    0.39114031195640564,
                    -0.48418286442756653,
                    -1.9518036842346191
                ],
                [
                    -0.6224337816238403,
                    0.4918350875377655,
                    -0.6088303923606873,
                    -2.4542739391326904
                ],
                [
                    0.0,
                    0.7778866291046143,
                    0.6284046173095703,
                    2.5331802368164062
                ],
                [
                    0.0,
                    0.0,
                    0.0,
                    1.0
                ]
            ]
        },
        {
            "file_path": "./train/r_22",
            "rotation": 0.031415926535897934,
            "transform_matrix": [
                [
                    -0.640265166759491,
                    -0.6048462390899658,
                    0.4735203683376312,
                    1.908821702003479
                ],
                [
                    0.7681540250778198,
                    -0.5041462779045105,
                    0.39468464255332947,
                    1.59102463722229
                ],
                [
                    1.4901162970204496e-08,
                    0.6164393424987793,
                    0.787402331829071,
                    3.1741204261779785
                ],
                [
                    0.0,
                    0.0,
                    0.0,
                    1.0
                ]
            ]
        },
        {
            "file_path": "./train/r_23",
            "rotation": 0.031415926535897934,
            "transform_matrix": [
                [
                    0.023370327427983284,
                    0.20025110244750977,
                    -0.9794658422470093,
                    -3.9483530521392822
                ],
                [
                    -0.9997269511222839,
                    0.004681211896240711,
                    -0.022896690294146538,
                    -0.09229951351881027
                ],
                [
                    0.0,
                    0.979733407497406,
                    0.20030581951141357,
                    0.8074585795402527
                ],
                [
                    0.0,
                    0.0,
                    0.0,
                    1.0
                ]
            ]
        },
        {
            "file_path": "./train/r_24",
            "rotation": 0.031415926535897934,
            "transform_matrix": [
                [
                    0.6405676007270813,
                    -0.6183687448501587,
                    0.455294668674469,
                    1.8353514671325684
                ],
                [
                    0.7679018974304199,
                    0.5158302783966064,
                    -0.3797972500324249,
                    -1.531011700630188
                ],
                [
                    -2.980232594040899e-08,
                    0.5929073691368103,
                    0.8052706122398376,
                    3.246149778366089
                ],
                [
                    0.0,
                    0.0,
                    0.0,
                    1.0
                ]
            ]
        },
        {
            "file_path": "./train/r_25",
            "rotation": 0.031415926535897934,
            "transform_matrix": [
                [
                    0.6957688331604004,
                    0.22063197195529938,
                    -0.6835402250289917,
                    -2.755438804626465
                ],
                [
                    -0.7182658314704895,
                    0.21372149884700775,
                    -0.6621308922767639,
                    -2.669135093688965
                ],
                [
                    0.0,
                    0.9516536593437195,
                    0.30717313289642334,
                    1.2382545471191406
                ],
                [
                    0.0,
                    0.0,
                    0.0,
                    1.0
                ]
            ]
        },
        {
            "file_path": "./train/r_26",
            "rotation": 0.031415926535897934,
            "transform_matrix": [
                [
                    -0.5342510342597961,
                    -0.25507521629333496,
                    0.805923342704773,
                    3.2487809658050537
                ],
                [
                    0.8453259468078613,
                    -0.1612090766429901,
                    0.5093483924865723,
                    2.0532491207122803
                ],
                [
                    0.0,
                    0.9533876180648804,
                    0.3017478287220001,
                    1.2163844108581543
                ],
                [
                    0.0,
                    0.0,
                    0.0,
                    1.0
                ]
            ]
        },
        {
            "file_path": "./train/r_27",
            "rotation": 0.031415926535897934,
            "transform_matrix": [
                [
                    -0.07861410826444626,
                    -0.4669424295425415,
                    0.8807863593101501,
                    3.550563335418701
                ],
                [
                    0.9969052076339722,
                    -0.03682221844792366,
                    0.06945719569921494,
                    0.27999091148376465
                ],
                [
                    -3.725290742551124e-09,
                    0.8835207223892212,
                    0.468392014503479,
                    1.888148546218872
                ],
                [
                    0.0,
                    0.0,
                    0.0,
                    1.0
                ]
            ]
        },
        {
            "file_path": "./train/r_28",
            "rotation": 0.031415926535897934,
            "transform_matrix": [
                [
                    -0.42344772815704346,
                    0.4491589367389679,
                    -0.78673255443573,
                    -3.1714205741882324
                ],
                [
                    -0.9059206247329712,
                    -0.20994701981544495,
                    0.3677365481853485,
                    1.482393503189087
                ],
                [
                    0.0,
                    0.8684343695640564,
                    0.49580392241477966,
                    1.9986497163772583
                ],
                [
                    0.0,
                    0.0,
                    0.0,
                    1.0
                ]
            ]
        },
        {
            "file_path": "./train/r_29",
            "rotation": 0.031415926535897934,
            "transform_matrix": [
                [
                    -0.9183613061904907,
                    0.3893955945968628,
                    -0.07059530913829803,
                    -0.284578800201416
                ],
                [
                    -0.39574313163757324,
                    -0.9036311507225037,
                    0.1638234257698059,
                    0.6603933572769165
                ],
                [
                    0.0,
                    0.17838653922080994,
                    0.9839604496955872,
                    3.9664714336395264
                ],
                [
                    0.0,
                    0.0,
                    0.0,
                    1.0
                ]
            ]
        },
        {
            "file_path": "./train/r_30",
            "rotation": 0.031415926535897934,
            "transform_matrix": [
                [
                    -0.5461388826370239,
                    0.3626883029937744,
                    -0.7551089525222778,
                    -3.0439414978027344
                ],
                [
                    -0.8376947045326233,
                    -0.23645630478858948,
                    0.4922967553138733,
                    1.9845117330551147
                ],
                [
                    0.0,
                    0.9014131426811218,
                    0.43296006321907043,
                    1.745317816734314
                ],
                [
                    0.0,
                    0.0,
                    0.0,
                    1.0
                ]
            ]
        },
        {
            "file_path": "./train/r_31",
            "rotation": 0.031415926535897934,
            "transform_matrix": [
                [
                    -0.9533628225326538,
                    0.18430174887180328,
                    -0.23902347683906555,
                    -0.9635344743728638
                ],
                [
                    -0.30182671546936035,
                    -0.5821434259414673,
                    0.7549898028373718,
                    3.043461322784424
                ],
                [
                    0.0,
                    0.7919228076934814,
                    0.6106211543083191,
                    2.4614925384521484
                ],
                [
                    0.0,
                    0.0,
                    0.0,
                    1.0
                ]
            ]
        },
        {
            "file_path": "./train/r_32",
            "rotation": 0.031415926535897934,
            "transform_matrix": [
                [
                    -0.5556973814964294,
                    -0.8300819396972656,
                    0.04652179405093193,
                    0.1875353455543518
                ],
                [
                    0.8313846588134766,
                    -0.5548266768455505,
                    0.031095163896679878,
                    0.12534861266613007
                ],
                [
                    -1.862645371275562e-09,
                    0.055957432836294174,
                    0.9984331130981445,
                    4.024812698364258
                ],
                [
                    0.0,
                    0.0,
                    0.0,
                    1.0
                ]
            ]
        },
        {
            "file_path": "./train/r_33",
            "rotation": 0.031415926535897934,
            "transform_matrix": [
                [
                    -0.9775575995445251,
                    0.1939343363046646,
                    -0.082283616065979,
                    -0.3316958546638489
                ],
                [
                    -0.21066829562187195,
                    -0.8999075293540955,
                    0.38181814551353455,
                    1.5391582250595093
                ],
                [
                    0.0,
                    0.39058375358581543,
                    0.9205673933029175,
                    3.710925817489624
                ],
                [
                    0.0,
                    0.0,
                    0.0,
                    1.0
                ]
            ]
        },
        {
            "file_path": "./train/r_34",
            "rotation": 0.031415926535897934,
            "transform_matrix": [
                [
                    -0.9960981607437134,
                    0.043337490409612656,
                    -0.07687858492136002,
                    -0.3099074959754944
                ],
                [
                    -0.0882522314786911,
                    -0.48914793133735657,
                    0.8677244782447815,
                    3.4979093074798584
                ],
                [
                    3.725290298461914e-09,
                    0.8711234331130981,
                    0.49106401205062866,
                    1.9795423746109009
                ],
                [
                    0.0,
                    0.0,
                    0.0,
                    1.0
                ]
            ]
        },
        {
            "file_path": "./train/r_35",
            "rotation": 0.031415926535897934,
            "transform_matrix": [
                [
                    -0.8924988508224487,
                    -0.42521950602531433,
                    0.15044653415679932,
                    0.6064693927764893
                ],
                [
                    0.45104965567588806,
                    -0.8413883447647095,
                    0.29769086837768555,
                    1.2000303268432617
                ],
                [
                    0.0,
                    0.3335476815700531,
                    0.9427332282066345,
                    3.800279140472412
                ],
                [
                    0.0,
                    0.0,
                    0.0,
                    1.0
                ]
            ]
        },
        {
            "file_path": "./train/r_36",
            "rotation": 0.031415926535897934,
            "transform_matrix": [
                [
                    -0.4105069637298584,
                    -0.9101610779762268,
                    0.055596865713596344,
                    0.22411814332008362
                ],
                [
                    0.911857545375824,
                    -0.4097432494163513,
                    0.0250290185213089,
                    0.10089521110057831
                ],
                [
                    1.862645149230957e-09,
                    0.06097033619880676,
                    0.998139500617981,
                    4.023629188537598
                ],
                [
                    0.0,
                    0.0,
                    0.0,
                    1.0
                ]
            ]
        },
        {
            "file_path": "./train/r_37",
            "rotation": 0.031415926535897934,
            "transform_matrix": [
                [
                    -0.8744136691093445,
                    0.19159409403800964,
                    -0.4457492232322693,
                    -1.7968723773956299
                ],
                [
                    -0.4851810038089752,
                    -0.3452989459037781,
                    0.8033480644226074,
                    3.2383992671966553
                ],
                [
                    1.4901158529312397e-08,
                    0.9187276363372803,
                    0.39489197731018066,
                    1.591860294342041
                ],
                [
                    0.0,
                    0.0,
                    0.0,
                    1.0
                ]
            ]
        },
        {
            "file_path": "./train/r_38",
            "rotation": 0.031415926535897934,
            "transform_matrix": [
                [
                    -0.5135849118232727,
                    0.5951936841011047,
                    -0.6180413365364075,
                    -2.4914042949676514
                ],
                [
                    -0.8580387234687805,
                    -0.35625720024108887,
                    0.3699328303337097,
                    1.4912469387054443
                ],
                [
                    1.4901159417490817e-08,
                    0.7202953696250916,
                    0.6936675310134888,
                    2.7962632179260254
                ],
                [
                    0.0,
                    0.0,
                    0.0,
                    1.0
                ]
            ]
        },
        {
            "file_path": "./train/r_39",
            "rotation": 0.031415926535897934,
            "transform_matrix": [
                [
                    -0.48726290464401245,
                    -0.3173995614051819,
                    0.8135308027267456,
                    3.279447555541992
                ],
                [
                    0.8732553720474243,
                    -0.17710404098033905,
                    0.4539375305175781,
                    1.829880714416504
                ],
                [
                    2.9802322387695312e-08,
                    0.9316070675849915,
                    0.36346709728240967,
                    1.4651827812194824
                ],
                [
                    0.0,
                    0.0,
                    0.0,
                    1.0
                ]
            ]
        },
        {
            "file_path": "./train/r_40",
            "rotation": 0.031415926535897934,
            "transform_matrix": [
                [
                    0.35619866847991943,
                    0.37126392126083374,
                    -0.8574879169464111,
                    -3.4566445350646973
                ],
                [
                    -0.9344102740287781,
                    0.14152638614177704,
                    -0.3268757462501526,
                    -1.317678451538086
                ],
                [
                    -7.450580596923828e-09,
                    0.91767817735672,
                    0.3973243236541748,
                    1.601665735244751
                ],
                [
                    0.0,
                    0.0,
                    0.0,
                    1.0
                ]
            ]
        },
        {
            "file_path": "./train/r_41",
            "rotation": 0.031415926535897934,
            "transform_matrix": [
                [
                    -0.15491296350955963,
                    0.595762312412262,
                    -0.7880793809890747,
                    -3.176849842071533
                ],
                [
                    -0.9879280924797058,
                    -0.09341906011104584,
                    0.12357550859451294,
                    0.4981488287448883
                ],
                [
                    0.0,
                    0.7977093458175659,
                    0.6030420660972595,
                    2.430940628051758
                ],
                [
                    0.0,
                    0.0,
                    0.0,
                    1.0
                ]
            ]
        },
        {
            "file_path": "./train/r_42",
            "rotation": 0.031415926535897934,
            "transform_matrix": [
                [
                    -0.7947338819503784,
                    -0.28077349066734314,
                    0.5381117463111877,
                    2.1691977977752686
                ],
                [
                    0.6069580316543579,
                    -0.3676369786262512,
                    0.7045885324478149,
                    2.840287208557129
                ],
                [
                    0.0,
                    0.8865716457366943,
                    0.462591290473938,
                    1.8647650480270386
                ],
                [
                    0.0,
                    0.0,
                    0.0,
                    1.0
                ]
            ]
        },
        {
            "file_path": "./train/r_43",
            "rotation": 0.031415926535897934,
            "transform_matrix": [
                [
                    0.5841405391693115,
                    -0.26266807317733765,
                    0.7679747343063354,
                    3.0958054065704346
                ],
                [
                    0.8116525411605835,
                    0.18904034793376923,
                    -0.5527059435844421,
                    -2.228029251098633
                ],
                [
                    -1.4901162970204496e-08,
                    0.9461866021156311,
                    0.32362133264541626,
                    1.3045594692230225
                ],
                [
                    0.0,
                    0.0,
                    0.0,
                    1.0
                ]
            ]
        },
        {
            "file_path": "./train/r_44",
            "rotation": 0.031415926535897934,
            "transform_matrix": [
                [
                    0.1559419482946396,
                    0.7963307499885559,
                    -0.5844137072563171,
                    -2.355847120285034
                ],
                [
                    -0.9877662658691406,
                    0.12571938335895538,
                    -0.09226334095001221,
                    -0.371925413608551
                ],
                [
                    0.0,
                    0.5916517376899719,
                    0.8061935305595398,
                    3.2498700618743896
                ],
                [
                    0.0,
                    0.0,
                    0.0,
                    1.0
                ]
            ]
        },
        {
            "file_path": "./train/r_45",
            "rotation": 0.031415926535897934,
            "transform_matrix": [
                [
                    -0.9998841285705566,
                    -0.011118732392787933,
                    0.010405761189758778,
                    0.04194696620106697
                ],
                [
                    0.015228466130793095,
                    -0.7300436496734619,
