{
    "camera_angle_x": 0.8575560450553894,
    "frames": [
        {
            "file_path": "./train/r_0",
            "rotation": 0.012566370614359171,
            "transform_matrix": [
                [
                    0.9833337068557739,
                    -0.14496324956417084,
                    0.10972896963357925,
                    0.44233161211013794
                ],
                [
                    0.18180976808071136,
                    0.7840461730957031,
                    -0.5934785008430481,
                    -2.392388343811035
                ],
                [
                    0.0,
                    0.6035371422767639,
                    0.7973349094390869,
                    3.2141597270965576
                ],
                [
                    0.0,
                    0.0,
                    0.0,
                    1.0
                ]
            ]
        },
        {
            "file_path": "./train/r_1",
            "rotation": 0.012566370614359171,
            "transform_matrix": [
                [
                    -0.062462255358695984,
                    0.4417611062526703,
                    -0.894955575466156,
                    -3.6076812744140625
                ],
                [
                    -0.9980473518371582,
                    -0.02764737978577614,
                    0.05601030960679054,
                    0.2257847785949707
                ],
                [
                    0.0,
                    0.8967064619064331,
                    0.4426254630088806,
                    1.7842803001403809
                ],
                [
                    0.0,
                    0.0,
                    0.0,
                    1.0
                ]
            ]
        },
        {
            "file_path": "./train/r_2",
            "rotation": 0.012566370614359171,
            "transform_matrix": [
                [
                    -0.20933721959590912,
                    0.977291464805603,
                    -0.03285356983542442,
                    -0.13243696093559265
                ],
                [
                    -0.9778435826301575,
                    -0.20921900868415833,
                    0.007033307105302811,
                    0.02835216373205185
                ],
                [
                    -4.656612873077393e-10,
                    0.03359881788492203,
                    0.9994354844093323,
                    4.028852939605713
                ],
                [
                    0.0,
                    0.0,
                    0.0,
                    1.0
                ]
            ]
        },
        {
            "file_path": "./train/r_3",
            "rotation": 0.012566370614359171,
            "transform_matrix": [
                [
                    0.4915493428707123,
                    0.5627015233039856,
                    -0.664639949798584,
                    -2.6792492866516113
                ],
                [
                    -0.8708496689796448,
                    0.3176157474517822,
                    -0.37515467405319214,
                    -1.5122969150543213
                ],
                [
                    1.4901160305669237e-08,
                    0.7632085084915161,
                    0.6461522579193115,
                    2.6047229766845703
                ],
                [
                    0.0,
                    0.0,
                    0.0,
                    1.0
                ]
            ]
        },
        {
            "file_path": "./train/r_4",
            "rotation": 0.012566370614359171,
            "transform_matrix": [
                [
                    -0.999444305896759,
                    -0.030553411692380905,
                    0.013327403925359249,
                    0.05372448265552521
                ],
                [
                    0.03333362936973572,
                    -0.916084885597229,
                    0.3995963931083679,
                    1.6108245849609375
                ],
                [
                    9.313224635931761e-10,
                    0.3998187184333801,
                    0.9165943264961243,
                    3.6949098110198975
                ],
                [
                    0.0,
                    0.0,
                    0.0,
                    1.0
                ]
            ]
        },
        {
            "file_path": "./train/r_5",
            "rotation": 0.012566370614359171,
            "transform_matrix": [
                [
                    -0.6769585609436035,
                    0.12030566483736038,
                    -0.7261223196983337,
                    -2.9270927906036377
                ],
                [
                    -0.736021101474762,
                    -0.1106516495347023,
                    0.6678540706634521,
                    2.6922059059143066
                ],
                [
                    0.0,
                    0.9865509271621704,
                    0.1634540855884552,
                    0.658904492855072
                ],
                [
                    0.0,
                    0.0,
                    0.0,
                    1.0
                ]
            ]
        },
        {
            "file_path": "./train/r_6",
            "rotation": 0.012566370614359171,
            "transform_matrix": [
                [
                    -0.0008221426978707314,
                    0.8367437720298767,
                    -0.5475940704345703,
                    -2.2074222564697266
                ],
                [
                    -0.9999997615814209,
                    -0.000687922933138907,
                    0.00045020057586953044,
                    0.0018148166127502918
                ],
                [
                    0.0,
                    0.5475941896438599,
                    0.836743950843811,
                    3.3730227947235107
                ],
                [
                    0.0,
                    0.0,
                    0.0,
                    1.0
                ]
            ]
        },
        {
            "file_path": "./train/r_7",
            "rotation": 0.012566370614359171,
            "transform_matrix": [
                [
                    -0.3303249776363373,
                    0.732639491558075,
                    -0.5950839519500732,
                    -2.398860216140747
                ],
                [
                    -0.9438673257827759,
                    -0.2564016282558441,
                    0.20826135575771332,
                    0.8395283818244934
                ],
                [
                    0.0,
                    0.6304741501808167,
                    0.7762102484703064,
                    3.1290035247802734
                ],
                [
                    0.0,
                    0.0,
                    0.0,
                    1.0
                ]
            ]
        },
        {
            "file_path": "./train/r_8",
            "rotation": 0.012566370614359171,
            "transform_matrix": [
                [
                    -0.37765753269195557,
                    0.5227367877960205,
                    -0.7642781138420105,
                    -3.0809035301208496
                ],
                [
                    -0.9259452223777771,
                    -0.2132042944431305,
                    0.31171974539756775,
                    1.256582498550415
                ],
                [
                    0.0,
                    0.825403094291687,
                    0.5645439028739929,
                    2.2757492065429688
                ],
                [
                    0.0,
                    0.0,
                    0.0,
                    1.0
                ]
            ]
        },
        {
            "file_path": "./train/r_9",
            "rotation": 0.012566370614359171,
            "transform_matrix": [
                [
                    -0.7188978791236877,
                    0.5973323583602905,
                    -0.35549965500831604,
                    -1.4330649375915527
                ],
                [
                    -0.6951158046722412,
                    -0.6177689433097839,
                    0.3676624000072479,
                    1.4820945262908936
                ],
                [
                    0.0,
                    0.5114250779151917,
                    0.8593278527259827,
                    3.4640612602233887
                ],
                [
                    0.0,
                    0.0,
                    0.0,
                    1.0
                ]
            ]
        },
        {
            "file_path": "./train/r_10",
            "rotation": 0.012566370614359171,
            "transform_matrix": [
                [
                    -0.14933590590953827,
                    -0.2371680587530136,
                    0.9599219560623169,
                    3.8695690631866455
                ],
                [
                    0.988786518573761,
                    -0.03581937029957771,
                    0.14497652649879456,
                    0.5844190716743469
                ],
                [
                    0.0,
                    0.9708079695701599,
                    0.2398577332496643,
                    0.9668974280357361
                ],
                [
                    0.0,
                    0.0,
                    0.0,
                    1.0
                ]
            ]
        },
        {
            "file_path": "./train/r_11",
            "rotation": 0.012566370614359171,
            "transform_matrix": [
                [
                    -0.915016770362854,
                    -0.20000134408473969,
                    0.35034799575805664,
                    1.4122979640960693
                ],
                [
                    0.4034157395362854,
                    -0.4536376893520355,
                    0.7946499586105347,
                    3.203336477279663
                ],
                [
                    0.0,
                    0.8684539794921875,
                    0.49576976895332336,
                    1.9985119104385376
                ],
                [
                    0.0,
                    0.0,
                    0.0,
                    1.0
                ]
            ]
        },
        {
            "file_path": "./train/r_12",
            "rotation": 0.012566370614359171,
            "transform_matrix": [
                [
                    0.9997575283050537,
                    -0.012855845503509045,
                    0.017880311235785484,
                    0.07207784801721573
                ],
                [
                    0.022022224962711334,
                    0.5836252570152283,
                    -0.8117243051528931,
                    -3.272165536880493
                ],
                [
                    0.0,
                    0.8119211792945862,
                    0.5837668180465698,
                    2.3532395362854004
                ],
                [
                    0.0,
                    0.0,
                    0.0,
                    1.0
                ]
            ]
        },
        {
            "file_path": "./train/r_13",
            "rotation": 0.012566370614359171,
            "transform_matrix": [
                [
                    0.98484206199646,
                    0.04246458783745766,
                    -0.16817551851272583,
                    -0.6779372096061707
                ],
                [
                    -0.17345388233661652,
                    0.2411068230867386,
                    -0.9548723697662354,
                    -3.8492136001586914
                ],
                [
                    3.725290298461914e-09,
                    0.9695690870285034,
                    0.24481777846813202,
                    0.98689204454422
                ],
                [
                    0.0,
                    0.0,
                    0.0,
                    1.0
                ]
            ]
        },
        {
            "file_path": "./train/r_14",
            "rotation": 0.012566370614359171,
            "transform_matrix": [
                [
                    0.8355706334114075,
                    -0.2716764509677887,
                    0.47750750184059143,
                    1.9248945713043213
                ],
                [
                    0.5493828654289246,
                    0.4131997525691986,
                    -0.7262535691261292,
                    -2.927622079849243
                ],
                [
                    1.4901160305669237e-08,
                    0.8691707253456116,
                    0.4945119619369507,
                    1.9934417009353638
                ],
                [
                    0.0,
                    0.0,
                    0.0,
                    1.0
                ]
            ]
        },
        {
            "file_path": "./train/r_15",
            "rotation": 0.012566370614359171,
            "transform_matrix": [
                [
                    0.5508460402488708,
                    0.3135557174682617,
                    -0.7734671831130981,
                    -3.117945909500122
                ],
                [
                    -0.8346068859100342,
                    0.20694884657859802,
                    -0.5104933977127075,
                    -2.0578646659851074
                ],
                [
                    1.4901160305669237e-08,
                    0.9267444014549255,
                    0.3756926953792572,
                    1.5144656896591187
                ],
                [
                    0.0,
                    0.0,
                    0.0,
                    1.0
                ]
            ]
        },
        {
            "file_path": "./train/r_16",
            "rotation": 0.012566370614359171,
            "transform_matrix": [
                [
                    0.0751558393239975,
                    -0.7778820991516113,
                    0.6238998770713806,
                    2.5150208473205566
                ],
                [
                    0.9971718192100525,
                    0.05862819403409958,
                    -0.047022707760334015,
                    -0.1895546019077301
                ],
                [
                    0.0,
                    0.6256694793701172,
                    0.7800883054733276,
                    3.144636631011963
                ],
                [
                    0.0,
                    0.0,
                    0.0,
                    1.0
                ]
            ]
        },
        {
            "file_path": "./train/r_17",
            "rotation": 0.012566370614359171,
            "transform_matrix": [
                [
                    -0.6628580093383789,
                    -0.5426323413848877,
                    0.515916109085083,
                    2.0797243118286133
                ],
                [
                    0.7487450838088989,
                    -0.4803880453109741,
                    0.45673635601997375,
                    1.841163158416748
                ],
                [
                    1.4901161193847656e-08,
                    0.6890408992767334,
                    0.7247223854064941,
                    2.9214494228363037
                ],
                [
                    0.0,
                    0.0,
                    0.0,
                    1.0
                ]
            ]
        },
        {
            "file_path": "./train/r_18",
            "rotation": 0.012566370614359171,
            "transform_matrix": [
                [
                    0.9731881618499756,
                    -0.03838725760579109,
                    0.22678454220294952,
                    0.9141976237297058
                ],
                [
                    0.23001044988632202,
                    0.16241881251335144,
                    -0.9595391750335693,
                    -3.868025779724121
                ],
                [
                    0.0,
                    0.9859750270843506,
                    0.16689354181289673,
                    0.67276930809021
                ],
                [
                    0.0,
                    0.0,
                    0.0,
                    1.0
                ]
            ]
        },
        {
            "file_path": "./train/r_19",
            "rotation": 0.012566370614359171,
            "transform_matrix": [
                [
                    0.9320979118347168,
                    -0.14025390148162842,
                    0.3339498043060303,
                    1.3461947441101074
                ],
                [
                    0.36220669746398926,
                    0.3609275817871094,
                    -0.8593820929527283,
                    -3.464280128479004
                ],
                [
                    0.0,
                    0.921986997127533,
                    0.38722068071365356,
                    1.560936450958252
                ],
                [
                    0.0,
                    0.0,
                    0.0,
                    1.0
                ]
            ]
        },
        {
            "file_path": "./train/r_20",
            "rotation": 0.012566370614359171,
            "transform_matrix": [
                [
                    -0.6500999331474304,
                    0.34048447012901306,
                    -0.6792939901351929,
                    -2.7383217811584473
                ],
                [
                    -0.7598485946655273,
                    -0.29130661487579346,
                    0.581180214881897,
                    2.3428122997283936
                ],
                [
                    0.0,
                    0.89398592710495,
                    0.44809508323669434,
                    1.8063290119171143
                ],
                [
                    0.0,
                    0.0,
                    0.0,
                    1.0
                ]
            ]
        },
        {
            "file_path": "./train/r_21",
            "rotation": 0.012566370614359171,
            "transform_matrix": [
                [
                    -0.8586812615394592,
                    -0.39615315198898315,
                    0.32516011595726013,
                    1.3107624053955078
                ],
                [
                    0.5125099420547485,
                    -0.66373211145401,
                    0.5447872877120972,
                    2.196107864379883
                ],
                [
                    1.4901161193847656e-08,
                    0.6344465017318726,
                    0.7729668021202087,
                    3.115928888320923
                ],
                [
                    0.0,
                    0.0,
                    0.0,
                    1.0
                ]
            ]
        },
        {
            "file_path": "./train/r_22",
            "rotation": 0.012566370614359171,
            "transform_matrix": [
                [
                    -0.39333999156951904,
                    0.7992818355560303,
                    -0.4543479084968567,
                    -1.8315351009368896
                ],
                [
                    -0.9193931818008423,
                    -0.34195324778556824,
                    0.1943816840648651,
                    0.7835776805877686
                ],
                [
                    1.4901162970204496e-08,
                    0.4941824674606323,
                    0.8693581223487854,
                    3.5044949054718018
                ],
                [
                    0.0,
                    0.0,
                    0.0,
                    1.0
                ]
            ]
        },
        {
            "file_path": "./train/r_23",
            "rotation": 0.012566370614359171,
            "transform_matrix": [
                [
                    -0.8889349102973938,
                    -0.0832352563738823,
                    0.45040711760520935,
                    1.815649151802063
                ],
                [
                    0.4580334722995758,
                    -0.1615399867296219,
                    0.8741339445114136,
                    3.5237467288970947
                ],
                [
                    -7.450580152834618e-09,
                    0.9833498001098633,
                    0.18172305822372437,
                    0.7325490713119507
                ],
                [
                    0.0,
                    0.0,
                    0.0,
                    1.0
                ]
            ]
        },
        {
            "file_path": "./train/r_24",
            "rotation": 0.012566370614359171,
            "transform_matrix": [
                [
                    -0.05455312132835388,
                    -0.47229015827178955,
                    0.8797534108161926,
                    3.5463993549346924
                ],
                [
                    0.9985108971595764,
                    -0.025803329423069954,
                    0.04806487262248993,
                    0.19375570118427277
                ],
                [
                    0.0,
                    0.8810654878616333,
                    0.47299444675445557,
                    1.9067015647888184
                ],
                [
                    0.0,
                    0.0,
                    0.0,
                    1.0
                ]
            ]
        },
        {
            "file_path": "./train/r_25",
            "rotation": 0.012566370614359171,
            "transform_matrix": [
                [
                    -0.652079701423645,
                    0.11718235909938812,
                    -0.7490394711494446,
                    -3.019474983215332
                ],
                [
                    -0.7581503987312317,
                    -0.10078771412372589,
                    0.6442435383796692,
                    2.597028970718384
                ],
                [
                    0.0,
                    0.9879828691482544,
                    0.15456344187259674,
                    0.6230652332305908
                ],
                [
                    0.0,
                    0.0,
                    0.0,
                    1.0
                ]
            ]
        },
        {
            "file_path": "./train/r_26",
            "rotation": 0.012566370614359171,
            "transform_matrix": [
                [
                    0.996925413608551,
                    -0.02869800478219986,
                    0.0729120746254921,
                    0.2939179837703705
                ],
                [
                    0.07835652679204941,
                    0.3651229739189148,
                    -0.9276558756828308,
                    -3.7395005226135254
                ],
                [
                    -1.862645149230957e-09,
                    0.9305168390274048,
                    0.36624905467033386,
                    1.476397156715393
                ],
                [
                    0.0,
                    0.0,
                    0.0,
                    1.0
                ]
            ]
        },
        {
            "file_path": "./train/r_27",
            "rotation": 0.012566370614359171,
            "transform_matrix": [
                [
                    0.8175660371780396,
                    -0.40538689494132996,
                    0.40895870327949524,
                    1.6485652923583984
                ],
                [
                    0.5758348107337952,
                    0.5755653381347656,
                    -0.5806365609169006,
                    -2.340620756149292
                ],
                [
                    -1.4901160305669237e-08,
                    0.7102013230323792,
                    0.7039985656738281,
                    2.837908983230591
                ],
                [
                    0.0,
                    0.0,
                    0.0,
                    1.0
                ]
            ]
        },
        {
            "file_path": "./train/r_28",
            "rotation": 0.012566370614359171,
            "transform_matrix": [
                [
                    -0.4744936227798462,
                    0.46717849373817444,
                    -0.7460563778877258,
                    -3.0074493885040283
                ],
                [
                    -0.8802590370178223,
                    -0.2518272399902344,
                    0.4021531939506531,
                    1.621131420135498
                ],
                [
                    1.4901162970204496e-08,
                    0.847541868686676,
                    0.5307284593582153,
                    2.139434814453125
                ],
                [
                    0.0,
                    0.0,
                    0.0,
                    1.0
                ]
            ]
        },
        {
            "file_path": "./train/r_29",
            "rotation": 0.012566370614359171,
            "transform_matrix": [
                [
                    0.8137804269790649,
                    -0.3735032081604004,
                    0.4452604651451111,
                    1.7949023246765137
                ],
                [
                    0.5811725854873657,
                    0.5229936838150024,
                    -0.6234709620475769,
                    -2.513291835784912
                ],
                [
                    -1.4901162970204496e-08,
                    0.7661415934562683,
                    0.6426717638969421,
                    2.5906927585601807
                ],
                [
                    0.0,
                    0.0,
                    0.0,
                    1.0
                ]
            ]
        },
        {
            "file_path": "./train/r_30",
            "rotation": 0.012566370614359171,
            "transform_matrix": [
                [
                    -0.7522574067115784,
                    0.6031320095062256,
                    -0.2652181386947632,
                    -1.0691285133361816
                ],
                [
                    -0.6588694453239441,
                    -0.6886197328567505,
                    0.30281004309654236,
                    1.2206662893295288
                ],
                [
                    -1.4901162970204496e-08,
                    0.4025351405143738,
                    0.9154044985771179,
                    3.6901135444641113
                ],
                [
                    0.0,
                    0.0,
                    0.0,
                    1.0
                ]
            ]
        },
        {
            "file_path": "./train/r_31",
            "rotation": 0.012566370614359171,
            "transform_matrix": [
                [
                    -0.7436678409576416,
                    -0.5609701871871948,
                    0.36369019746780396,
                    1.4660820960998535
                ],
                [
                    0.6685492396354675,
                    -0.6240010857582092,
                    0.4045546352863312,
                    1.6308119297027588
                ],
                [
                    -1.4901162970204496e-08,
                    0.5439990758895874,
                    0.8390857577323914,
                    3.382462978363037
                ],
                [
                    0.0,
                    0.0,
                    0.0,
                    1.0
                ]
            ]
        },
        {
            "file_path": "./train/r_32",
            "rotation": 0.012566370614359171,
            "transform_matrix": [
                [
                    -0.9955012202262878,
                    0.029615197330713272,
                    -0.09000170230865479,
                    -0.3628084659576416
                ],
                [
                    -0.09474897384643555,
                    -0.3111586570739746,
                    0.945622980594635,
                    3.8119282722473145
                ],
                [
                    3.725290742551124e-09,
                    0.9498963952064514,
                    0.3125648498535156,
                    1.2599892616271973
                ],
                [
                    0.0,
                    0.0,
                    0.0,
                    1.0
                ]
            ]
        },
        {
            "file_path": "./train/r_33",
            "rotation": 0.012566370614359171,
            "transform_matrix": [
                [
                    -0.2102205902338028,
                    -0.4580937922000885,
                    0.8636882901191711,
                    3.4816389083862305
                ],
                [
                    0.9776540398597717,
                    -0.09850186854600906,
                    0.18571504950523376,
                    0.748641312122345
                ],
                [
                    0.0,
                    0.8834294080734253,
                    0.4685642719268799,
                    1.8888429403305054
                ],
                [
                    0.0,
                    0.0,
                    0.0,
                    1.0
                ]
            ]
        },
        {
            "file_path": "./train/r_34",
            "rotation": 0.012566370614359171,
            "transform_matrix": [
                [
                    0.6813672184944153,
                    -0.2149592787027359,
                    0.6996650695800781,
                    2.8204400539398193
                ],
                [
                    0.7319417595863342,
                    0.20010636746883392,
                    -0.65132075548172,
                    -2.6255578994750977
                ],
                [
                    0.0,
                    0.9559026956558228,
                    0.29368355870246887,
                    1.1838762760162354
                ],
                [
                    0.0,
                    0.0,
                    0.0,
                    1.0
                ]
            ]
        },
        {
            "file_path": "./train/r_35",
            "rotation": 0.012566370614359171,
            "transform_matrix": [
                [
                    -0.9489777088165283,
                    -0.24071744084358215,
                    0.2037068009376526,
                    0.8211682438850403
                ],
                [
                    0.3153432011604309,
                    -0.7244027853012085,
                    0.6130248308181763,
                    2.471181869506836
                ],
                [
                    0.0,
                    0.6459842920303345,
                    0.763350784778595,
                    3.077164888381958
                ],
                [
                    0.0,
                    0.0,
                    0.0,
                    1.0
                ]
            ]
        },
        {
            "file_path": "./train/r_36",
            "rotation": 0.012566370614359171,
            "transform_matrix": [
                [
                    -0.5128048062324524,
                    0.5399085879325867,
                    -0.6674802303314209,
                    -2.6906988620758057
                ],
                [
                    -0.8585052490234375,
                    -0.3224997818470001,
                    0.3987012505531311,
                    1.6072161197662354
                ],
                [
                    0.0,
                    0.7774911522865295,
                    0.6288938522338867,
                    2.5351521968841553
                ],
                [
                    0.0,
                    0.0,
                    0.0,
                    1.0
                ]
            ]
        },
        {
            "file_path": "./train/r_37",
            "rotation": 0.012566370614359171,
            "transform_matrix": [
                [
                    -0.911115288734436,
                    0.2872696816921234,
                    -0.2955421209335327,
                    -1.1913683414459229
                ],
                [
                    -0.4121517539024353,
                    -0.635047197341919,
                    0.6533344388008118,
                    2.6336753368377686
                ],
                [
                    -1.4901162970204496e-08,
                    0.7170710563659668,
                    0.6969999670982361,
                    2.809696674346924
                ],
                [
                    0.0,
                    0.0,
                    0.0,
                    1.0
                ]
            ]
        },
        {
            "file_path": "./train/r_38",
            "rotation": 0.012566370614359171,
            "transform_matrix": [
                [
                    0.8679574728012085,
                    0.4654187858104706,
                    -0.17330680787563324,
                    -0.6986221075057983
                ],
                [
                    -0.49663856625556946,
                    0.8133957386016846,
                    -0.3028821051120758,
                    -1.220956802368164
                ],
                [
                    0.0,
                    0.34895965456962585,
                    0.9371377229690552,
                    3.7777230739593506
                ],
                [
                    0.0,
                    0.0,
                    0.0,
                    1.0
                ]
            ]
        },
        {
            "file_path": "./train/r_39",
            "rotation": 0.012566370614359171,
            "transform_matrix": [
                [
                    0.531549334526062,
                    -0.21116986870765686,
                    0.8202821016311646,
                    3.3066625595092773
                ],
                [
                    0.8470274209976196,
                    0.1325189471244812,
                    -0.5147653818130493,
                    -2.075085401535034
                ],
                [
                    7.450580596923828e-09,
                    0.9684244394302368,
                    0.2493070363998413,
                    1.004988670349121
                ],
                [
                    0.0,
                    0.0,
                    0.0,
                    1.0
                ]
            ]
        },
        {
            "file_path": "./train/r_40",
            "rotation": 0.012566370614359171,
            "transform_matrix": [
                [
                    -0.7863517999649048,
                    0.5108917951583862,
                    -0.3473334312438965,
                    -1.4001460075378418
                ],
                [
                    -0.617779016494751,
                    -0.6502982974052429,
                    0.44210994243621826,
                    1.7822023630142212
                ],
                [
                    0.0,
                    0.5622292160987854,
                    0.8269813656806946,
                    3.3336687088012695
                ],
                [
                    0.0,
                    0.0,
                    0.0,
                    1.0
                ]
            ]
        },
        {
            "file_path": "./train/r_41",
            "rotation": 0.012566370614359171,
            "transform_matrix": [
                [
                    0.5132992267608643,
                    0.41667822003364563,
                    -0.7502686977386475,
                    -3.0244297981262207
                ],
                [
                    -0.8582097291946411,
                    0.2492171972990036,
                    -0.448739230632782,
                    -1.808925747871399
                ],
                [
                    0.0,
                    0.8742253184318542,
                    0.4855203330516815,
                    1.9571950435638428
                ],
                [
                    0.0,
                    0.0,
                    0.0,
                    1.0
                ]
            ]
        },
        {
            "file_path": "./train/r_42",
            "rotation": 0.012566370614359171,
            "transform_matrix": [
                [
                    -0.47609931230545044,
                    0.5717697739601135,
                    -0.6681381464004517,
                    -2.6933512687683105
                ],
                [
                    -0.8793915510177612,
                    -0.30955401062965393,
                    0.3617274761199951,
                    1.4581701755523682
                ],
                [
                    -1.4901162970204496e-08,
                    0.7597732543945312,
                    0.6501879692077637,
                    2.6209917068481445
                ],
                [
                    0.0,
                    0.0,
                    0.0,
                    1.0
                ]
            ]
        },
        {
            "file_path": "./train/r_43",
            "rotation": 0.012566370614359171,
            "transform_matrix": [
                [
                    -0.7646839618682861,
                    0.19909079372882843,
                    -0.6128795146942139,
                    -2.4705963134765625
                ],
                [
                    -0.6444054841995239,
                    -0.23625116050243378,
                    0.7272736430168152,
                    2.9317338466644287
                ],
                [
                    -1.4901161193847656e-08,
                    0.951077401638031,
                    0.3089526891708374,
                    1.2454280853271484
                ],
                [
                    0.0,
                    0.0,
                    0.0,
                    1.0
                ]
            ]
        },
        {
            "file_path": "./train/r_44",
            "rotation": 0.012566370614359171,
            "transform_matrix": [
                [
                    -0.8805375099182129,
                    -0.2964392304420471,
                    0.3698345422744751,
                    1.4908506870269775
                ],
                [
                    0.47397667169570923,
                    -0.5507145524024963,
                    0.687065839767456,
                    2.769650936126709
                ],
                [
                    0.0,
                    0.7802801132202148,
                    0.625430166721344,
                    2.5211896896362305
                ],
                [
                    0.0,
                    0.0,
                    0.0,
                    1.0
                ]
            ]
        },
        {
            "file_path": "./train/r_45",
            "rotation": 0.012566370614359171,
            "transform_matrix": [
                [
                    0.990451455116272,
                    0.12578590214252472,
                    -0.05642494186758995,
                    -0.2274562120437622
                ],
                [
                    -0.13786175847053528,
                    0.9036939144134521,
