{
    "camera_angle_x": 0.6911112070083618,
    "frames": [
        {
            "file_path": "./train/r_0",
            "rotation": 0.031415926535897934,
            "transform_matrix": [
                [
                    -0.4813818335533142,
                    0.5363205671310425,
                    -0.6932761073112488,
                    -2.7946853637695312
                ],
                [
                    -0.8765110373497009,
                    -0.2945484519004822,
                    0.38074877858161926,
                    1.534847378730774
                ],
                [
                    0.0,
                    0.7909496426582336,
                    0.6118811964988708,
                    2.4665720462799072
                ],
                [
                    0.0,
                    0.0,
                    0.0,
                    1.0
                ]
            ]
        },
        {
            "file_path": "./train/r_1",
            "rotation": 0.031415926535897934,
            "transform_matrix": [
                [
                    -0.9552720785140991,
                    -0.14738821983337402,
                    0.2563824951648712,
                    1.0335109233856201
                ],
                [
                    0.2957283854484558,
                    -0.47609853744506836,
                    0.8281756639480591,
                    3.3384828567504883
                ],
                [
                    -7.450580596923828e-09,
                    0.866952657699585,
                    0.4983904957771301,
                    2.0090763568878174
                ],
                [
                    0.0,
                    0.0,
                    0.0,
                    1.0
                ]
            ]
        },
        {
            "file_path": "./train/r_2",
            "rotation": 0.031415926535897934,
            "transform_matrix": [
                [
                    0.950874924659729,
                    0.27739328145980835,
                    -0.137440025806427,
                    -0.5540385246276855
                ],
                [
                    -0.3095752000808716,
                    0.852026641368866,
                    -0.4221535623073578,
                    -1.7017555236816406
                ],
                [
                    0.0,
                    0.44396331906318665,
                    0.896044909954071,
                    3.612072706222534
                ],
                [
                    0.0,
                    0.0,
                    0.0,
                    1.0
                ]
            ]
        },
        {
            "file_path": "./train/r_3",
            "rotation": 0.031415926535897934,
            "transform_matrix": [
                [
                    -0.6563258171081543,
                    0.1474960446357727,
                    -0.7399198412895203,
                    -2.9827122688293457
                ],
                [
                    -0.7544776201248169,
                    -0.12830793857574463,
                    0.6436619162559509,
                    2.59468412399292
                ],
                [
                    -7.450580596923828e-09,
                    0.9807047843933105,
                    0.19549429416656494,
                    0.7880626916885376
                ],
                [
                    0.0,
                    0.0,
                    0.0,
                    1.0
                ]
            ]
        },
        {
            "file_path": "./train/r_4",
            "rotation": 0.031415926535897934,
            "transform_matrix": [
                [
                    -0.8453991413116455,
                    -0.20852507650852203,
                    0.49174964427948,
                    1.9823062419891357
                ],
                [
                    0.5341352224349976,
                    -0.33004170656204224,
                    0.7783135771751404,
                    3.1374824047088623
                ],
                [
                    -1.4901161193847656e-08,
                    0.9206464886665344,
                    0.39039745926856995,
                    1.5737425088882446
                ],
                [
                    0.0,
                    0.0,
                    0.0,
                    1.0
                ]
            ]
        },
        {
            "file_path": "./train/r_5",
            "rotation": 0.031415926535897934,
            "transform_matrix": [
                [
                    -0.9900835752487183,
                    0.13383597135543823,
                    -0.04268988221883774,
                    -0.17208842933177948
                ],
                [
                    -0.14047953486442566,
                    -0.9432606101036072,
                    0.30087339878082275,
                    1.2128596305847168
                ],
                [
                    0.0,
                    0.30388692021369934,
                    0.9527080059051514,
                    3.840489149093628
                ],
                [
                    0.0,
                    0.0,
                    0.0,
                    1.0
                ]
            ]
        },
        {
            "file_path": "./train/r_6",
            "rotation": 0.031415926535897934,
            "transform_matrix": [
                [
                    0.4874398112297058,
                    0.4741857349872589,
                    -0.7331782579421997,
                    -2.955536127090454
                ],
                [
                    -0.8731566667556763,
                    0.26471421122550964,
                    -0.40929684042930603,
                    -1.649928331375122
                ],
                [
                    -1.4901162970204496e-08,
                    0.8396869897842407,
                    0.5430706143379211,
                    2.18918776512146
                ],
                [
                    0.0,
                    0.0,
                    0.0,
                    1.0
                ]
            ]
        },
        {
            "file_path": "./train/r_7",
            "rotation": 0.031415926535897934,
            "transform_matrix": [
                [
                    0.3657209575176239,
                    -0.879893958568573,
                    0.3033723533153534,
                    1.222933053970337
                ],
                [
                    0.9307246208190918,
                    0.3457474708557129,
                    -0.11920779943466187,
                    -0.48054200410842896
                ],
                [
                    -7.450580596923828e-09,
                    0.3259528577327728,
                    0.9453859925270081,
                    3.8109729290008545
                ],
                [
                    0.0,
                    0.0,
                    0.0,
                    1.0
                ]
            ]
        },
        {
            "file_path": "./train/r_8",
            "rotation": 0.031415926535897934,
            "transform_matrix": [
                [
                    -0.9777906537055969,
                    -0.09254791587591171,
                    0.18804346024990082,
                    0.7580274343490601
                ],
                [
                    0.20958401262760162,
                    -0.4317719042301178,
                    0.8772956132888794,
                    3.536491632461548
                ],
                [
                    0.0,
                    0.8972223401069641,
                    0.44157907366752625,
                    1.780062198638916
                ],
                [
                    0.0,
                    0.0,
                    0.0,
                    1.0
                ]
            ]
        },
        {
            "file_path": "./train/r_9",
            "rotation": 0.031415926535897934,
            "transform_matrix": [
                [
                    -0.9428343176841736,
                    -0.23312625288963318,
                    0.23815040290355682,
                    0.9600149989128113
                ],
                [
                    0.3332618474960327,
                    -0.6595396995544434,
                    0.6737536191940308,
                    2.7159876823425293
                ],
                [
                    -1.4901161193847656e-08,
                    0.7146044373512268,
                    0.6995287537574768,
                    2.8198904991149902
                ],
                [
                    0.0,
                    0.0,
                    0.0,
                    1.0
                ]
            ]
        },
        {
            "file_path": "./train/r_10",
            "rotation": 0.031415926535897934,
            "transform_matrix": [
                [
                    -0.41473492980003357,
                    0.6461400389671326,
                    -0.6407011151313782,
                    -2.5827488899230957
                ],
                [
                    -0.9099423885345459,
                    -0.2944987118244171,
                    0.2920197546482086,
                    1.1771693229675293
                ],
                [
                    0.0,
                    0.7041118144989014,
                    0.7100890874862671,
                    2.8624606132507324
                ],
                [
                    0.0,
                    0.0,
                    0.0,
                    1.0
                ]
            ]
        },
        {
            "file_path": "./train/r_11",
            "rotation": 0.031415926535897934,
            "transform_matrix": [
                [
                    -0.99227374792099,
                    -0.11859520524740219,
                    0.0364423505961895,
                    0.14690381288528442
                ],
                [
                    0.1240679994225502,
                    -0.948503315448761,
                    0.29145944118499756,
                    1.174910545349121
                ],
                [
                    0.0,
                    0.29372867941856384,
                    0.9558888077735901,
                    3.853311061859131
                ],
                [
                    0.0,
                    0.0,
                    0.0,
                    1.0
                ]
            ]
        },
        {
            "file_path": "./train/r_12",
            "rotation": 0.031415926535897934,
            "transform_matrix": [
                [
                    0.9371994733810425,
                    -0.3322945237159729,
                    0.10600686073303223,
                    0.42732733488082886
                ],
                [
                    0.34879377484321594,
                    0.8928663730621338,
                    -0.2848375737667084,
                    -1.148216962814331
                ],
                [
                    0.0,
                    0.30392420291900635,
                    0.9526962041854858,
                    3.8404412269592285
                ],
                [
                    0.0,
                    0.0,
                    0.0,
                    1.0
                ]
            ]
        },
        {
            "file_path": "./train/r_13",
            "rotation": 0.031415926535897934,
            "transform_matrix": [
                [
                    -0.7301168441772461,
                    0.6612962484359741,
                    -0.17209482192993164,
                    -0.6937363743782043
                ],
                [
                    -0.6833223700523376,
                    -0.7065823078155518,
                    0.183880016207695,
                    0.7412440180778503
                ],
                [
                    7.450581485102248e-09,
                    0.2518502175807953,
                    0.9677662253379822,
                    3.9011902809143066
                ],
                [
                    0.0,
                    0.0,
                    0.0,
                    1.0
                ]
            ]
        },
        {
            "file_path": "./train/r_14",
            "rotation": 0.031415926535897934,
            "transform_matrix": [
                [
                    0.8705203533172607,
                    -0.3556106984615326,
                    0.34019893407821655,
                    1.3713858127593994
                ],
                [
                    0.49213236570358276,
                    0.6290306448936462,
                    -0.6017691493034363,
                    -2.425809144973755
                ],
                [
                    -1.4901161193847656e-08,
                    0.6912752389907837,
                    0.7225915193557739,
                    2.9128596782684326
                ],
                [
                    0.0,
                    0.0,
                    0.0,
                    1.0
                ]
            ]
        },
        {
            "file_path": "./train/r_15",
            "rotation": 0.031415926535897934,
            "transform_matrix": [
                [
                    0.9620393514633179,
                    0.08539804071187973,
                    -0.25920572876930237,
                    -1.0448917150497437
                ],
                [
                    -0.27291104197502136,
                    0.3010368347167969,
                    -0.9137266874313354,
                    -3.683350086212158
                ],
                [
                    7.450580596923828e-09,
                    0.949781060218811,
                    0.31291529536247253,
                    1.261401891708374
                ],
                [
                    0.0,
                    0.0,
                    0.0,
                    1.0
                ]
            ]
        },
        {
            "file_path": "./train/r_16",
            "rotation": 0.031415926535897934,
            "transform_matrix": [
                [
                    -0.32092541456222534,
                    -0.5698159337043762,
                    0.75651615858078,
                    3.049614191055298
                ],
                [
                    0.9471044540405273,
                    -0.1930815577507019,
                    0.2563447654247284,
                    1.0333588123321533
                ],
                [
                    -1.4901161193847656e-08,
                    0.7987673878669739,
                    0.6016399264335632,
                    2.425288200378418
                ],
                [
                    0.0,
                    0.0,
                    0.0,
                    1.0
                ]
            ]
        },
        {
            "file_path": "./train/r_17",
            "rotation": 0.031415926535897934,
            "transform_matrix": [
                [
                    -0.8967095613479614,
                    -0.05541125312447548,
                    0.43913739919662476,
                    1.7702194452285767
                ],
                [
                    0.44261956214904785,
                    -0.11225848644971848,
                    0.8896549940109253,
                    3.5863139629364014
                ],
                [
                    3.725290298461914e-09,
                    0.9921329021453857,
                    0.12518934905529022,
                    0.5046544075012207
                ],
                [
                    0.0,
                    0.0,
                    0.0,
                    1.0
                ]
            ]
        },
        {
            "file_path": "./train/r_18",
            "rotation": 0.031415926535897934,
            "transform_matrix": [
                [
                    -0.058456189930438995,
                    0.7115670442581177,
                    -0.7001821994781494,
                    -2.8225247859954834
                ],
                [
                    -0.9982900619506836,
                    -0.04166674613952637,
                    0.041000090539455414,
                    0.1652766466140747
                ],
                [
                    -1.862645371275562e-09,
                    0.7013816237449646,
                    0.7127859592437744,
                    2.8733320236206055
                ],
                [
                    0.0,
                    0.0,
                    0.0,
                    1.0
                ]
            ]
        },
        {
            "file_path": "./train/r_19",
            "rotation": 0.031415926535897934,
            "transform_matrix": [
                [
                    0.9715967178344727,
                    0.04987103492021561,
                    -0.23132799565792084,
                    -0.9325129389762878
                ],
                [
                    -0.23664268851280212,
                    0.20475821197032928,
                    -0.9497759342193604,
                    -3.8286690711975098
                ],
                [
                    0.0,
                    0.9775412678718567,
                    0.21074403822422028,
                    0.8495363593101501
                ],
                [
                    0.0,
                    0.0,
                    0.0,
                    1.0
                ]
            ]
        },
        {
            "file_path": "./train/r_20",
            "rotation": 0.031415926535897934,
            "transform_matrix": [
                [
                    0.9936404228210449,
                    0.08233103901147842,
                    -0.07681354135274887,
                    -0.30964529514312744
                ],
                [
                    -0.11259981989860535,
                    0.7265326380729675,
                    -0.6778433322906494,
                    -2.732473850250244
                ],
                [
                    0.0,
                    0.682181715965271,
                    0.7311826348304749,
                    2.947491407394409
                ],
                [
                    0.0,
                    0.0,
                    0.0,
                    1.0
                ]
            ]
        },
        {
            "file_path": "./train/r_21",
            "rotation": 0.031415926535897934,
            "transform_matrix": [
                [
                    -0.46011194586753845,
                    -0.1713121086359024,
                    0.8711768388748169,
                    3.511826276779175
                ],
                [
                    0.887860894203186,
                    -0.08877827227115631,
                    0.4514658749103546,
                    1.8199172019958496
                ],
                [
                    0.0,
                    0.9812086820602417,
                    0.19294928014278412,
                    0.7778034210205078
                ],
                [
                    0.0,
                    0.0,
                    0.0,
                    1.0
                ]
            ]
        },
        {
            "file_path": "./train/r_22",
            "rotation": 0.031415926535897934,
            "transform_matrix": [
                [
                    0.4662812054157257,
                    0.15426620841026306,
                    -0.8710819482803345,
                    -3.511443614959717
                ],
                [
                    -0.884636640548706,
                    0.08131184428930283,
                    -0.4591366946697235,
                    -1.8508392572402954
                ],
                [
                    0.0,
                    0.9846777319908142,
                    0.1743837147951126,
                    0.7029632329940796
                ],
                [
                    0.0,
                    0.0,
                    0.0,
                    1.0
                ]
            ]
        },
        {
            "file_path": "./train/r_23",
            "rotation": 0.031415926535897934,
            "transform_matrix": [
                [
                    -0.741401195526123,
                    -0.6102306246757507,
                    0.27918243408203125,
                    1.125420331954956
                ],
                [
                    0.6710621118545532,
                    -0.6741935014724731,
                    0.30844566226005554,
                    1.2433842420578003
                ],
                [
                    0.0,
                    0.41603073477745056,
                    0.9093505144119263,
                    3.6657092571258545
                ],
                [
                    0.0,
                    0.0,
                    0.0,
                    1.0
                ]
            ]
        },
        {
            "file_path": "./train/r_24",
            "rotation": 0.031415926535897934,
            "transform_matrix": [
                [
                    0.882554829120636,
                    0.33029142022132874,
                    -0.3346710205078125,
                    -1.3491020202636719
                ],
                [
                    -0.4702097475528717,
                    0.6199367046356201,
                    -0.6281569600105286,
                    -2.532181739807129
                ],
                [
                    -1.4901164746561335e-08,
                    0.711748480796814,
                    0.7024343609809875,
                    2.831603527069092
                ],
                [
                    0.0,
                    0.0,
                    0.0,
                    1.0
                ]
            ]
        },
        {
            "file_path": "./train/r_25",
            "rotation": 0.031415926535897934,
            "transform_matrix": [
                [
                    0.035251036286354065,
                    0.5936951637268066,
                    -0.8039175271987915,
                    -3.2406952381134033
                ],
                [
                    -0.9993785619735718,
                    0.02094138413667679,
                    -0.02835654653608799,
                    -0.11430889368057251
                ],
                [
                    1.862645371275562e-09,
                    0.8044174909591675,
                    0.5940643548965454,
                    2.3947501182556152
                ],
                [
                    0.0,
                    0.0,
                    0.0,
                    1.0
                ]
            ]
        },
        {
            "file_path": "./train/r_26",
            "rotation": 0.031415926535897934,
            "transform_matrix": [
                [
                    -0.06867199391126633,
                    -0.6099150776863098,
                    0.7894856929779053,
                    3.182518720626831
                ],
                [
                    0.9976393580436707,
                    -0.04198319464921951,
                    0.05434384196996689,
                    0.2190670371055603
                ],
                [
                    0.0,
                    0.7913539409637451,
                    0.6113582849502563,
                    2.4644641876220703
                ],
                [
                    0.0,
                    0.0,
                    0.0,
                    1.0
                ]
            ]
        },
        {
            "file_path": "./train/r_27",
            "rotation": 0.031415926535897934,
            "transform_matrix": [
                [
                    -0.4857527017593384,
                    -0.5853312015533447,
                    0.6491777896881104,
                    2.6169192790985107
                ],
                [
                    0.8740962743759155,
                    -0.32528021931648254,
                    0.36076101660728455,
                    1.4542741775512695
                ],
                [
                    1.4901159417490817e-08,
                    0.7426844835281372,
                    0.6696415543556213,
                    2.699411392211914
                ],
                [
                    0.0,
                    0.0,
                    0.0,
                    1.0
                ]
            ]
        },
        {
            "file_path": "./train/r_28",
            "rotation": 0.031415926535897934,
            "transform_matrix": [
                [
                    -0.9054490327835083,
                    0.2749229073524475,
                    -0.32338747382164,
                    -1.3036166429519653
                ],
                [
                    -0.42445504665374756,
                    -0.5864665508270264,
                    0.6898513436317444,
                    2.7808797359466553
                ],
                [
                    0.0,
                    0.7618886828422546,
                    0.647707998752594,
                    2.610994338989258
                ],
                [
                    0.0,
                    0.0,
                    0.0,
                    1.0
                ]
            ]
        },
        {
            "file_path": "./train/r_29",
            "rotation": 0.031415926535897934,
            "transform_matrix": [
                [
                    0.23984351754188538,
                    -0.33561840653419495,
                    0.9109529852867126,
                    3.6721689701080322
                ],
                [
                    0.9708116054534912,
                    0.08291608840227127,
                    -0.22505517303943634,
                    -0.9072264432907104
                ],
                [
                    0.0,
                    0.9383417963981628,
                    0.34570908546447754,
                    1.3935978412628174
                ],
                [
                    0.0,
                    0.0,
                    0.0,
                    1.0
                ]
            ]
        },
        {
            "file_path": "./train/r_30",
            "rotation": 0.031415926535897934,
            "transform_matrix": [
                [
                    0.9919648170471191,
                    0.08954498171806335,
                    -0.08937296271324158,
                    -0.36027389764785767
                ],
                [
                    -0.12651413679122925,
                    0.7020991444587708,
                    -0.7007503509521484,
                    -2.824814796447754
                ],
                [
                    7.450580596923828e-09,
                    0.7064265608787537,
                    0.7077863812446594,
                    2.853178024291992
                ],
                [
                    0.0,
                    0.0,
                    0.0,
                    1.0
                ]
            ]
        },
        {
            "file_path": "./train/r_31",
            "rotation": 0.031415926535897934,
            "transform_matrix": [
                [
                    0.17121434211730957,
                    0.9510767459869385,
                    -0.25717461109161377,
                    -1.036704182624817
                ],
                [
                    -0.9852338433265686,
                    0.16527852416038513,
                    -0.044691916555166245,
                    -0.18015889823436737
                ],
                [
                    0.0,
                    0.2610290050506592,
                    0.9653308391571045,
                    3.8913733959198
                ],
                [
                    0.0,
                    0.0,
                    0.0,
                    1.0
                ]
            ]
        },
        {
            "file_path": "./train/r_32",
            "rotation": 0.031415926535897934,
            "transform_matrix": [
                [
                    -0.9789460301399231,
                    -0.14405159652233124,
                    0.14461596310138702,
                    0.582965612411499
                ],
                [
                    0.20411917567253113,
                    -0.6908647418022156,
                    0.6935714483261108,
                    2.7958760261535645
                ],
                [
                    0.0,
                    0.708487868309021,
                    0.7057229280471802,
                    2.844860076904297
                ],
                [
                    0.0,
                    0.0,
                    0.0,
                    1.0
                ]
            ]
        },
        {
            "file_path": "./train/r_33",
            "rotation": 0.031415926535897934,
            "transform_matrix": [
                [
                    0.9510555267333984,
                    0.18732202053070068,
                    -0.2457718849182129,
                    -0.9907381534576416
                ],
                [
                    -0.3090199828147888,
                    0.5765116810798645,
                    -0.756399929523468,
                    -3.0491456985473633
                ],
                [
                    0.0,
                    0.795326828956604,
                    0.6061808466911316,
                    2.4435932636260986
                ],
                [
                    0.0,
                    0.0,
                    0.0,
                    1.0
                ]
            ]
        },
        {
            "file_path": "./train/r_34",
            "rotation": 0.031415926535897934,
            "transform_matrix": [
                [
                    0.8321137428283691,
                    0.37963905930519104,
                    -0.4043032228946686,
                    -1.629798412322998
                ],
                [
                    -0.5546051859855652,
                    0.5695995092391968,
                    -0.6066049337387085,
                    -2.445302724838257
                ],
                [
                    0.0,
                    0.7289928197860718,
                    0.6845212578773499,
                    2.7593934535980225
                ],
                [
                    0.0,
                    0.0,
                    0.0,
                    1.0
                ]
            ]
        },
        {
            "file_path": "./train/r_35",
            "rotation": 0.031415926535897934,
            "transform_matrix": [
                [
                    0.44986802339553833,
                    -0.2671508193016052,
                    0.8522025346755981,
                    3.435338258743286
                ],
                [
                    0.8930950164794922,
                    0.13456867635250092,
                    -0.4292697310447693,
                    -1.730441689491272
                ],
                [
                    -7.450580152834618e-09,
                    0.9542126655578613,
                    0.2991291880607605,
                    1.205828309059143
                ],
                [
                    0.0,
                    0.0,
                    0.0,
                    1.0
                ]
            ]
        },
        {
            "file_path": "./train/r_36",
            "rotation": 0.031415926535897934,
            "transform_matrix": [
                [
                    0.9861730933189392,
                    -0.03789323940873146,
                    0.1613280326128006,
                    0.6503341197967529
                ],
                [
                    0.16571854054927826,
                    0.22549858689308167,
                    -0.9600456953048706,
                    -3.870068073272705
                ],
                [
                    0.0,
                    0.9735062718391418,
                    0.2286602407693863,
                    0.9217588901519775
                ],
                [
                    0.0,
                    0.0,
                    0.0,
                    1.0
                ]
            ]
        },
        {
            "file_path": "./train/r_37",
            "rotation": 0.031415926535897934,
            "transform_matrix": [
                [
                    -0.4610845446586609,
                    -0.6816522479057312,
                    0.5681120157241821,
                    2.290132761001587
                ],
                [
                    0.887356162071228,
                    -0.3541974723339081,
                    0.2952001392841339,
                    1.1899898052215576
                ],
                [
                    0.0,
                    0.6402298808097839,
                    0.7681833505630493,
                    3.0966460704803467
                ],
                [
                    0.0,
                    0.0,
                    0.0,
                    1.0
                ]
            ]
        },
        {
            "file_path": "./train/r_38",
            "rotation": 0.031415926535897934,
            "transform_matrix": [
                [
                    0.40436071157455444,
                    -0.15816335380077362,
                    0.9008200168609619,
                    3.631321668624878
                ],
                [
                    0.914599597454071,
                    0.06992683559656143,
                    -0.39826855063438416,
                    -1.6054718494415283
                ],
                [
                    0.0,
                    0.9849337935447693,
                    0.17293180525302887,
                    0.6971104145050049
                ],
                [
                    0.0,
                    0.0,
                    0.0,
                    1.0
                ]
            ]
        },
        {
            "file_path": "./train/r_39",
            "rotation": 0.031415926535897934,
            "transform_matrix": [
                [
                    0.8529469966888428,
                    -0.3450574576854706,
                    0.39168477058410645,
                    1.5789315700531006
                ],
                [
                    0.5219976902008057,
                    0.5638256669044495,
                    -0.6400149464607239,
                    -2.5799825191497803
                ],
                [
                    0.0,
                    0.7503572106361389,
                    0.6610325574874878,
                    2.6647071838378906
                ],
                [
                    0.0,
                    0.0,
                    0.0,
                    1.0
                ]
            ]
        },
        {
            "file_path": "./train/r_40",
            "rotation": 0.031415926535897934,
            "transform_matrix": [
                [
                    0.7496410012245178,
                    0.5253358483314514,
                    -0.4025673568248749,
                    -1.6228009462356567
                ],
                [
                    -0.6618446111679077,
                    0.5950238108634949,
                    -0.45596954226493835,
                    -1.8380720615386963
                ],
                [
                    0.0,
                    0.6082504391670227,
                    0.7937450408935547,
                    3.199688673019409
                ],
                [
                    0.0,
                    0.0,
                    0.0,
                    1.0
                ]
            ]
        },
        {
            "file_path": "./train/r_41",
            "rotation": 0.031415926535897934,
            "transform_matrix": [
                [
                    0.9293243885040283,
                    0.12692251801490784,
                    -0.34676632285118103,
                    -1.397859811782837
                ],
                [
                    -0.3692644238471985,
                    0.31942474842071533,
                    -0.8727036118507385,
                    -3.5179808139801025
                ],
                [
                    7.450581485102248e-09,
                    0.9390731453895569,
                    0.34371718764305115,
                    1.3855682611465454
                ],
                [
                    0.0,
                    0.0,
                    0.0,
                    1.0
                ]
            ]
        },
        {
            "file_path": "./train/r_42",
            "rotation": 0.031415926535897934,
            "transform_matrix": [
                [
                    0.676298975944519,
                    0.14793115854263306,
                    -0.7216203808784485,
                    -2.908944845199585
                ],
                [
                    -0.7366271615028381,
                    0.13581591844558716,
                    -0.662521243095398,
                    -2.670708656311035
                ],
                [
                    0.0,
                    0.9796276688575745,
                    0.20082227885723114,
                    0.8095405101776123
                ],
                [
                    0.0,
                    0.0,
                    0.0,
                    1.0
                ]
            ]
        },
        {
            "file_path": "./train/r_43",
            "rotation": 0.031415926535897934,
            "transform_matrix": [
                [
                    0.058805543929338455,
                    0.629287838935852,
                    -0.7749443650245667,
                    -3.1239006519317627
                ],
                [
                    -0.9982694983482361,
                    0.037069763988256454,
                    -0.045650020241737366,
                    -0.18402111530303955
                ],
                [
                    1.862645149230957e-09,
                    0.7762877345085144,
                    0.6303787231445312,
                    2.541137933731079
                ],
                [
                    0.0,
                    0.0,
                    0.0,
                    1.0
                ]
            ]
        },
        {
            "file_path": "./train/r_44",
            "rotation": 0.031415926535897934,
            "transform_matrix": [
                [
                    0.992319643497467,
                    0.08104177564382553,
                    -0.09345541149377823,
                    -0.3767307996749878
                ],
                [
                    -0.12369997799396515,
                    0.6501160860061646,
                    -0.7496981620788574,
                    -3.022130012512207
                ],
                [
                    -3.725290298461914e-09,
                    0.7555007338523865,
                    0.6551478505134583,
                    2.6409854888916016
                ],
                [
                    0.0,
                    0.0,
                    0.0,
                    1.0
                ]
            ]
        },
        {
            "file_path": "./train/r_45",
            "rotation": 0.031415926535897934,
            "transform_matrix": [
                [
                    0.9980146884918213,
                    0.04565725848078728,
                    -0.043385099619627,
                    -0.17489093542099
                ],
                [
                    -0.0629829540848732,
                    0.7234752774238586,
