{
    "camera_angle_x": 0.6911112070083618,
    "frames": [
        {
            "file_path": "./train/r_0",
            "rotation": 0.031415926535897934,
            "transform_matrix": [
                [
                    -0.4697642922401428,
                    -0.7382450103759766,
                    0.48406174778938293,
                    1.9513152837753296
                ],
                [
                    0.8827919960021973,
                    -0.3928458094596863,
                    0.2575860619544983,
                    1.0383626222610474
                ],
                [
                    0.0,
                    0.548330545425415,
                    0.8362616896629333,
                    3.3710787296295166
                ],
                [
                    0.0,
                    0.0,
                    0.0,
                    1.0
                ]
            ]
        },
        {
            "file_path": "./train/r_1",
            "rotation": 0.031415926535897934,
            "transform_matrix": [
                [
                    0.12042642384767532,
                    -0.3084084093570709,
                    0.9436004161834717,
                    3.803774833679199
                ],
                [
                    0.9927223920822144,
                    0.03741279989480972,
                    -0.11446747928857803,
                    -0.46143317222595215
                ],
                [
                    0.0,
                    0.950518012046814,
                    0.3106694221496582,
                    1.25234854221344
                ],
                [
                    0.0,
                    0.0,
                    0.0,
                    1.0
                ]
            ]
        },
        {
            "file_path": "./train/r_2",
            "rotation": 0.031415926535897934,
            "transform_matrix": [
                [
                    0.945099949836731,
                    -0.2592554986476898,
                    0.19892896711826324,
                    0.8019083142280579
                ],
                [
                    0.3267815113067627,
                    0.7498048543930054,
                    -0.5753316879272461,
                    -2.3192362785339355
                ],
                [
                    -1.4901161193847656e-08,
                    0.6087522506713867,
                    0.7933603525161743,
                    3.1981377601623535
                ],
                [
                    0.0,
                    0.0,
                    0.0,
                    1.0
                ]
            ]
        },
        {
            "file_path": "./train/r_3",
            "rotation": 0.031415926535897934,
            "transform_matrix": [
                [
                    0.7322965860366821,
                    0.1496228277683258,
                    -0.6643452644348145,
                    -2.6780614852905273
                ],
                [
                    -0.6809858083724976,
                    0.16089658439159393,
                    -0.7144022583961487,
                    -2.879847526550293
                ],
                [
                    0.0,
                    0.9755640029907227,
                    0.21971505880355835,
                    0.8856997489929199
                ],
                [
                    0.0,
                    0.0,
                    0.0,
                    1.0
                ]
            ]
        },
        {
            "file_path": "./train/r_4",
            "rotation": 0.031415926535897934,
            "transform_matrix": [
                [
                    0.9539464712142944,
                    0.13385158777236938,
                    -0.2684585154056549,
                    -1.0821908712387085
                ],
                [
                    -0.29997706413269043,
                    0.4256567358970642,
                    -0.8537154793739319,
                    -3.441437244415283
                ],
                [
                    7.450581485102248e-09,
                    0.8949301838874817,
                    0.44620612263679504,
                    1.7987143993377686
                ],
                [
                    0.0,
                    0.0,
                    0.0,
                    1.0
                ]
            ]
        },
        {
            "file_path": "./train/r_5",
            "rotation": 0.031415926535897934,
            "transform_matrix": [
                [
                    0.09609302878379822,
                    0.8525811433792114,
                    -0.5136841535568237,
                    -2.0707271099090576
                ],
                [
                    -0.9953724145889282,
                    0.08230798691511154,
                    -0.04959094896912575,
                    -0.19990751147270203
                ],
                [
                    0.0,
                    0.5160722136497498,
                    0.8565449714660645,
                    3.452843189239502
                ],
                [
                    0.0,
                    0.0,
                    0.0,
                    1.0
                ]
            ]
        },
        {
            "file_path": "./train/r_6",
            "rotation": 0.031415926535897934,
            "transform_matrix": [
                [
                    -0.9806377291679382,
                    -0.1468029022216797,
                    0.12960900366306305,
                    0.5224705934524536
                ],
                [
                    0.1958305388689041,
                    -0.7351278066635132,
                    0.649027943611145,
                    2.6163153648376465
                ],
                [
                    -7.450580596923828e-09,
                    0.6618427038192749,
                    0.7496426701545715,
                    3.0219063758850098
                ],
                [
                    0.0,
                    0.0,
                    0.0,
                    1.0
                ]
            ]
        },
        {
            "file_path": "./train/r_7",
            "rotation": 0.031415926535897934,
            "transform_matrix": [
                [
                    -0.1806073635816574,
                    -0.6561447381973267,
                    0.7327038645744324,
                    2.9536237716674805
                ],
                [
                    0.9835554361343384,
                    -0.12048591673374176,
                    0.134544238448143,
                    0.5423651933670044
                ],
                [
                    0.0,
                    0.7449544072151184,
                    0.667115330696106,
                    2.689227819442749
                ],
                [
                    0.0,
                    0.0,
                    0.0,
                    1.0
                ]
            ]
        },
        {
            "file_path": "./train/r_8",
            "rotation": 0.031415926535897934,
            "transform_matrix": [
                [
                    0.5649513602256775,
                    -0.6367737650871277,
                    0.5247371792793274,
                    2.115283250808716
                ],
                [
                    0.8251242637634277,
                    0.4359903335571289,
                    -0.35928037762641907,
                    -1.4483054876327515
                ],
                [
                    -2.980232594040899e-08,
                    0.6359492540359497,
                    0.7717308402061462,
                    3.1109464168548584
                ],
                [
                    0.0,
                    0.0,
                    0.0,
                    1.0
                ]
            ]
        },
        {
            "file_path": "./train/r_9",
            "rotation": 0.031415926535897934,
            "transform_matrix": [
                [
                    0.4897446632385254,
                    -0.8704305291175842,
                    0.0500071719288826,
                    0.20158535242080688
                ],
                [
                    0.8718659281730652,
                    0.4889383912086487,
                    -0.028090037405490875,
                    -0.11323456466197968
                ],
                [
                    0.0,
                    0.0573563426733017,
                    0.9983537793159485,
                    4.0244927406311035
                ],
                [
                    0.0,
                    0.0,
                    0.0,
                    1.0
                ]
            ]
        },
        {
            "file_path": "./train/r_10",
            "rotation": 0.031415926535897934,
            "transform_matrix": [
                [
                    -0.606920599937439,
                    -0.6521797776222229,
                    0.454212486743927,
                    1.830989122390747
                ],
                [
                    0.7947625517845154,
                    -0.4980372488498688,
                    0.34685948491096497,
                    1.3982353210449219
                ],
                [
                    0.0,
                    0.5715071558952332,
                    0.8205969929695129,
                    3.3079323768615723
                ],
                [
                    0.0,
                    0.0,
                    0.0,
                    1.0
                ]
            ]
        },
        {
            "file_path": "./train/r_11",
            "rotation": 0.031415926535897934,
            "transform_matrix": [
                [
                    -0.8614887595176697,
                    0.3704181909561157,
                    -0.34731486439704895,
                    -1.400071144104004
                ],
                [
                    -0.5077767968177795,
                    -0.6284476518630981,
                    0.5892506837844849,
                    2.3753457069396973
                ],
                [
                    -2.9802322387695312e-08,
                    0.6839912533760071,
                    0.7294901609420776,
                    2.940669059753418
                ],
                [
                    0.0,
                    0.0,
                    0.0,
                    1.0
                ]
            ]
        },
        {
            "file_path": "./train/r_12",
            "rotation": 0.031415926535897934,
            "transform_matrix": [
                [
                    -0.8732315301895142,
                    0.485061377286911,
                    -0.04671507328748703,
                    -0.18831448256969452
                ],
                [
                    -0.48730576038360596,
                    -0.8692097067832947,
                    0.08371146023273468,
                    0.337451696395874
                ],
                [
                    0.0,
                    0.09586396813392639,
                    0.9953944087028503,
                    4.012563228607178
                ],
                [
                    0.0,
                    0.0,
                    0.0,
                    1.0
                ]
            ]
        },
        {
            "file_path": "./train/r_13",
            "rotation": 0.031415926535897934,
            "transform_matrix": [
                [
                    -0.16799642145633698,
                    0.21027633547782898,
                    -0.9630997180938721,
                    -3.8823790550231934
                ],
                [
                    -0.9857876300811768,
                    -0.03583497181534767,
                    0.16412998735904694,
                    0.6616291403770447
                ],
                [
                    3.725290298461914e-09,
                    0.9769850373268127,
                    0.2133079469203949,
                    0.8598718643188477
                ],
                [
                    0.0,
                    0.0,
                    0.0,
                    1.0
                ]
            ]
        },
        {
            "file_path": "./train/r_14",
            "rotation": 0.031415926535897934,
            "transform_matrix": [
                [
                    0.9584393501281738,
                    0.2826884984970093,
                    -0.03848803788423538,
                    -0.15515024960041046
                ],
                [
                    -0.28529655933380127,
                    0.9496777057647705,
                    -0.1292986124753952,
                    -0.5212193727493286
                ],
                [
                    0.0,
                    0.13490523397922516,
                    0.9908584356307983,
                    3.9942781925201416
                ],
                [
                    0.0,
                    0.0,
                    0.0,
                    1.0
                ]
            ]
        },
        {
            "file_path": "./train/r_15",
            "rotation": 0.031415926535897934,
            "transform_matrix": [
                [
                    0.9785748720169067,
                    0.056744594126939774,
                    -0.1979174017906189,
                    -0.7978305816650391
                ],
                [
                    -0.20589134097099304,
                    0.26969969272613525,
                    -0.9406757354736328,
                    -3.791985273361206
                ],
                [
                    0.0,
                    0.9612711071968079,
                    0.2756045460700989,
                    1.1109974384307861
                ],
                [
                    0.0,
                    0.0,
                    0.0,
                    1.0
                ]
            ]
        },
        {
            "file_path": "./train/r_16",
            "rotation": 0.031415926535897934,
            "transform_matrix": [
                [
                    0.7858886122703552,
                    0.21147520840168,
                    -0.5810828804969788,
                    -2.3424201011657715
                ],
                [
                    -0.6183680891990662,
                    0.2687654197216034,
                    -0.738502562046051,
                    -2.976999044418335
                ],
                [
                    0.0,
                    0.9397038817405701,
                    0.3419891893863678,
                    1.3786025047302246
                ],
                [
                    0.0,
                    0.0,
                    0.0,
                    1.0
                ]
            ]
        },
        {
            "file_path": "./train/r_17",
            "rotation": 0.031415926535897934,
            "transform_matrix": [
                [
                    -0.924046516418457,
                    -0.36465466022491455,
                    0.11473947018384933,
                    0.46252959966659546
                ],
                [
                    0.38228029012680054,
                    -0.8814419507980347,
                    0.2773478329181671,
                    1.1180248260498047
                ],
                [
                    7.450581485102248e-09,
                    0.3001450002193451,
                    0.9538936018943787,
                    3.8452680110931396
                ],
                [
                    0.0,
                    0.0,
                    0.0,
                    1.0
                ]
            ]
        },
        {
            "file_path": "./train/r_18",
            "rotation": 0.031415926535897934,
            "transform_matrix": [
                [
                    -0.7435187101364136,
                    0.14574070274829865,
                    -0.6526404619216919,
                    -2.630877733230591
                ],
                [
                    -0.6687151789665222,
                    -0.162043496966362,
                    0.725645899772644,
                    2.9251720905303955
                ],
                [
                    0.0,
                    0.9759618043899536,
                    0.21794138848781586,
                    0.8785498142242432
                ],
                [
                    0.0,
                    0.0,
                    0.0,
                    1.0
                ]
            ]
        },
        {
            "file_path": "./train/r_19",
            "rotation": 0.031415926535897934,
            "transform_matrix": [
                [
                    0.7334979772567749,
                    -0.19200854003429413,
                    0.6520072221755981,
                    2.6283252239227295
                ],
                [
                    0.6796916723251343,
                    0.20720848441123962,
                    -0.7036219835281372,
                    -2.836390972137451
                ],
                [
                    0.0,
                    0.9592692255973816,
                    0.28249356150627136,
                    1.138767957687378
                ],
                [
                    0.0,
                    0.0,
                    0.0,
                    1.0
                ]
            ]
        },
        {
            "file_path": "./train/r_20",
            "rotation": 0.031415926535897934,
            "transform_matrix": [
                [
                    0.4539821445941925,
                    0.5382096767425537,
                    -0.7100918889045715,
                    -2.8624720573425293
                ],
                [
                    -0.8910107612609863,
                    0.2742251753807068,
                    -0.36180150508880615,
                    -1.4584685564041138
                ],
                [
                    0.0,
                    0.7969510555267334,
                    0.6040439009666443,
                    2.43497896194458
                ],
                [
                    0.0,
                    0.0,
                    0.0,
                    1.0
                ]
            ]
        },
        {
            "file_path": "./train/r_21",
            "rotation": 0.031415926535897934,
            "transform_matrix": [
                [
                    -0.8684297800064087,
                    -0.35273176431655884,
                    0.34843963384628296,
                    1.4046051502227783
                ],
                [
                    0.49581241607666016,
                    -0.6178199052810669,
                    0.6103020906448364,
                    2.4602065086364746
                ],
                [
                    1.4901162970204496e-08,
                    0.702765166759491,
                    0.7114219069480896,
                    2.867833375930786
                ],
                [
                    0.0,
                    0.0,
                    0.0,
                    1.0
                ]
            ]
        },
        {
            "file_path": "./train/r_22",
            "rotation": 0.031415926535897934,
            "transform_matrix": [
                [
                    0.38599854707717896,
                    0.8961213231086731,
                    -0.219024196267128,
                    -0.8829147815704346
                ],
                [
                    -0.922499418258667,
                    0.374961256980896,
                    -0.09164561331272125,
                    -0.36943528056144714
                ],
                [
                    0.0,
                    0.23742465674877167,
                    0.9714059233665466,
                    3.915862560272217
                ],
                [
                    0.0,
                    0.0,
                    0.0,
                    1.0
                ]
            ]
        },
        {
            "file_path": "./train/r_23",
            "rotation": 0.031415926535897934,
            "transform_matrix": [
                [
                    0.5597017407417297,
                    0.5168613195419312,
                    -0.6477563977241516,
                    -2.611189842224121
                ],
                [
                    -0.828694224357605,
                    0.3490891456604004,
                    -0.4374959468841553,
                    -1.7636027336120605
                ],
                [
                    0.0,
                    0.7816591858863831,
                    0.6237056851387024,
                    2.5142383575439453
                ],
                [
                    0.0,
                    0.0,
                    0.0,
                    1.0
                ]
            ]
        },
        {
            "file_path": "./train/r_24",
            "rotation": 0.031415926535897934,
            "transform_matrix": [
                [
                    0.24296092987060547,
                    0.1475517302751541,
                    -0.9587484002113342,
                    -3.8648383617401123
                ],
                [
                    -0.9700361490249634,
                    0.03695666790008545,
                    -0.24013371765613556,
                    -0.9680099487304688
                ],
                [
                    0.0,
                    0.9883636236190796,
                    0.1521095335483551,
                    0.6131731271743774
                ],
                [
                    0.0,
                    0.0,
                    0.0,
                    1.0
                ]
            ]
        },
        {
            "file_path": "./train/r_25",
            "rotation": 0.031415926535897934,
            "transform_matrix": [
                [
                    -0.24236562848091125,
                    -0.9041199088096619,
                    0.35188940167427063,
                    1.4185116291046143
                ],
                [
                    0.9701850414276123,
                    -0.22586163878440857,
                    0.08790683001279831,
                    0.3543637990951538
                ],
                [
                    0.0,
                    0.36270344257354736,
                    0.9319045543670654,
                    3.7566275596618652
                ],
                [
                    0.0,
                    0.0,
                    0.0,
                    1.0
                ]
            ]
        },
        {
            "file_path": "./train/r_26",
            "rotation": 0.031415926535897934,
            "transform_matrix": [
                [
                    0.7472355961799622,
                    0.31199735403060913,
                    -0.5867679715156555,
                    -2.365337371826172
                ],
                [
                    -0.6645593047142029,
                    0.35081222653388977,
                    -0.659766435623169,
                    -2.6596035957336426
                ],
                [
                    0.0,
                    0.8829430937767029,
                    0.46948006749153137,
                    1.8925347328186035
                ],
                [
                    0.0,
                    0.0,
                    0.0,
                    1.0
                ]
            ]
        },
        {
            "file_path": "./train/r_27",
            "rotation": 0.031415926535897934,
            "transform_matrix": [
                [
                    -0.7014208436012268,
                    0.7069459557533264,
                    -0.0907532125711441,
                    -0.3658379018306732
                ],
                [
                    -0.71274733543396,
                    -0.695711612701416,
                    0.08931102603673935,
                    0.36002427339553833
                ],
                [
                    7.450581485102248e-09,
                    0.1273290067911148,
                    0.9918605089187622,
                    3.9983177185058594
                ],
                [
                    0.0,
                    0.0,
                    0.0,
                    1.0
                ]
            ]
        },
        {
            "file_path": "./train/r_28",
            "rotation": 0.031415926535897934,
            "transform_matrix": [
                [
                    0.8778759837150574,
                    -0.21001939475536346,
                    0.43037840723991394,
                    1.7349108457565308
                ],
                [
                    0.47888800501823425,
                    0.3849981427192688,
                    -0.7889503836631775,
                    -3.180360794067383
                ],
                [
                    -1.4901161193847656e-08,
                    0.8987036347389221,
                    0.43855640292167664,
                    1.767877459526062
                ],
                [
                    0.0,
                    0.0,
                    0.0,
                    1.0
                ]
            ]
        },
        {
            "file_path": "./train/r_29",
            "rotation": 0.031415926535897934,
            "transform_matrix": [
                [
                    -0.7262312769889832,
                    0.10844992846250534,
                    -0.678842306137085,
                    -2.7365009784698486
                ],
                [
                    -0.6874505281448364,
                    -0.11456785351037979,
                    0.7171373963356018,
                    2.8908731937408447
                ],
                [
                    -7.4505797087454084e-09,
                    0.9874780774116516,
                    0.15775670111179352,
                    0.6359376311302185
                ],
                [
                    0.0,
                    0.0,
                    0.0,
                    1.0
                ]
            ]
        },
        {
            "file_path": "./train/r_30",
            "rotation": 0.031415926535897934,
            "transform_matrix": [
                [
                    0.16839048266410828,
                    -0.35582804679870605,
                    0.9192556738853455,
                    3.7056381702423096
                ],
                [
                    0.9857203960418701,
                    0.06078605726361275,
                    -0.15703631937503815,
                    -0.6330336332321167
                ],
                [
                    0.0,
                    0.9325725436210632,
                    0.360982745885849,
                    1.4551680088043213
                ],
                [
                    0.0,
                    0.0,
                    0.0,
                    1.0
                ]
            ]
        },
        {
            "file_path": "./train/r_31",
            "rotation": 0.031415926535897934,
            "transform_matrix": [
                [
                    0.9999796748161316,
                    0.0026411516591906548,
                    -0.005816491786390543,
                    -0.023447029292583466
                ],
                [
                    -0.006388056557625532,
                    0.4134431481361389,
                    -0.9105075001716614,
                    -3.6703732013702393
                ],
                [
                    2.3283067140944524e-10,
                    0.9105260968208313,
                    0.41345158219337463,
                    1.666676640510559
                ],
                [
                    0.0,
                    0.0,
                    0.0,
                    1.0
                ]
            ]
        },
        {
            "file_path": "./train/r_32",
            "rotation": 0.031415926535897934,
            "transform_matrix": [
                [
                    -0.8647776246070862,
                    -0.4854607582092285,
                    0.12840388715267181,
                    0.5176125764846802
                ],
                [
                    0.5021551251411438,
                    -0.8360277414321899,
                    0.22112849354743958,
                    0.8913973569869995
                ],
                [
                    0.0,
                    0.2557057738304138,
                    0.9667547345161438,
                    3.8971126079559326
                ],
                [
                    0.0,
                    0.0,
                    0.0,
                    1.0
                ]
            ]
        },
        {
            "file_path": "./train/r_33",
            "rotation": 0.031415926535897934,
            "transform_matrix": [
                [
                    -0.9608301520347595,
                    -0.2761631906032562,
                    0.02322249673306942,
                    0.09361286461353302
                ],
                [
                    0.2771378755569458,
                    -0.9574509859085083,
                    0.08051182329654694,
                    0.3245534896850586
                ],
                [
                    0.0,
                    0.08379389345645905,
                    0.9964831471443176,
                    4.016951560974121
                ],
                [
                    0.0,
                    0.0,
                    0.0,
                    1.0
                ]
            ]
        },
        {
            "file_path": "./train/r_34",
            "rotation": 0.031415926535897934,
            "transform_matrix": [
                [
                    0.9173920750617981,
                    0.22595615684986115,
                    -0.3276212215423584,
                    -1.3206833600997925
                ],
                [
                    -0.3979847729206085,
                    0.5208500623703003,
                    -0.7551975250244141,
                    -3.0442986488342285
                ],
                [
                    0.0,
                    0.8232004642486572,
                    0.5677507519721985,
                    2.2886765003204346
                ],
                [
                    0.0,
                    0.0,
                    0.0,
                    1.0
                ]
            ]
        },
        {
            "file_path": "./train/r_35",
            "rotation": 0.031415926535897934,
            "transform_matrix": [
                [
                    -0.8036526441574097,
                    0.23605334758758545,
                    -0.5462797284126282,
                    -2.2021241188049316
                ],
                [
                    -0.5950989723205566,
                    -0.3187786936759949,
                    0.7377244830131531,
                    2.973862409591675
                ],
                [
                    0.0,
                    0.9179645776748657,
                    0.3966624140739441,
                    1.5989973545074463
                ],
                [
                    0.0,
                    0.0,
                    0.0,
                    1.0
                ]
            ]
        },
        {
            "file_path": "./train/r_36",
            "rotation": 0.031415926535897934,
            "transform_matrix": [
                [
                    -0.9725178480148315,
                    -0.2008914053440094,
                    0.11769355833530426,
                    0.4744379222393036
                ],
                [
                    0.2328285574913025,
                    -0.8391172885894775,
                    0.49160245060920715,
                    1.981712818145752
                ],
                [
                    -7.450580596923828e-09,
                    0.5054945349693298,
                    0.8628298044204712,
                    3.4781782627105713
                ],
                [
                    0.0,
                    0.0,
                    0.0,
                    1.0
                ]
            ]
        },
        {
            "file_path": "./train/r_37",
            "rotation": 0.031415926535897934,
            "transform_matrix": [
                [
                    -0.10832430422306061,
                    0.21417365968227386,
                    -0.970770537853241,
                    -3.9133012294769287
                ],
                [
                    -0.9941156506538391,
                    -0.023337535560131073,
                    0.10578048974275589,
                    0.4264147877693176
                ],
                [
                    1.862645149230957e-09,
                    0.9765167832374573,
                    0.21544139087200165,
                    0.8684720396995544
                ],
                [
                    0.0,
                    0.0,
                    0.0,
                    1.0
                ]
            ]
        },
        {
            "file_path": "./train/r_38",
            "rotation": 0.031415926535897934,
            "transform_matrix": [
                [
                    -0.9888062477111816,
                    0.0785529613494873,
                    -0.126852884888649,
                    -0.5113603472709656
                ],
                [
                    -0.1492052972316742,
                    -0.5205824375152588,
                    0.8406733870506287,
                    3.3888628482818604
                ],
                [
                    0.0,
                    0.8501902222633362,
                    0.5264756083488464,
                    2.122291088104248
                ],
                [
                    0.0,
                    0.0,
                    0.0,
                    1.0
                ]
            ]
        },
        {
            "file_path": "./train/r_39",
            "rotation": 0.031415926535897934,
            "transform_matrix": [
                [
                    0.8987888097763062,
                    0.11667434871196747,
                    -0.4225705862045288,
                    -1.7034364938735962
                ],
                [
                    -0.438382089138031,
                    0.23921051621437073,
                    -0.8663714528083801,
                    -3.492455005645752
                ],
                [
                    7.450581485102248e-09,
                    0.9639323949813843,
                    0.2661476135253906,
                    1.0728753805160522
                ],
                [
                    0.0,
                    0.0,
                    0.0,
                    1.0
                ]
            ]
        },
        {
            "file_path": "./train/r_40",
            "rotation": 0.031415926535897934,
            "transform_matrix": [
                [
                    -0.9251536726951599,
                    -0.2667226493358612,
                    0.27009183168411255,
                    1.0887750387191772
                ],
                [
                    0.3795925974845886,
                    -0.6500638723373413,
                    0.658275306224823,
                    2.653592586517334
                ],
                [
                    0.0,
                    0.7115307450294495,
                    0.7026549577713013,
                    2.8324928283691406
                ],
                [
                    0.0,
                    0.0,
                    0.0,
                    1.0
                ]
            ]
        },
        {
            "file_path": "./train/r_41",
            "rotation": 0.031415926535897934,
            "transform_matrix": [
                [
                    0.9621463418006897,
                    -0.22453337907791138,
                    0.15446434915065765,
                    0.6226657032966614
                ],
                [
                    0.2725334167480469,
                    0.7926878929138184,
                    -0.5453177094459534,
                    -2.1982460021972656
                ],
                [
                    7.450580596923828e-09,
                    0.5667721033096313,
                    0.8238745331764221,
                    3.3211445808410645
                ],
                [
                    0.0,
                    0.0,
                    0.0,
                    1.0
                ]
            ]
        },
        {
            "file_path": "./train/r_42",
            "rotation": 0.031415926535897934,
            "transform_matrix": [
                [
                    -0.3909936547279358,
                    -0.42322346568107605,
                    0.8173162341117859,
                    3.2947070598602295
                ],
                [
                    0.9203933477401733,
                    -0.179790198802948,
                    0.34720534086227417,
                    1.3996294736862183
                ],
                [
                    0.0,
                    0.8880075812339783,
                    0.4598288834095001,
                    1.853629469871521
                ],
                [
                    0.0,
                    0.0,
                    0.0,
                    1.0
                ]
            ]
        },
        {
            "file_path": "./train/r_43",
            "rotation": 0.031415926535897934,
            "transform_matrix": [
                [
                    -0.692337691783905,
                    -0.2803187370300293,
                    0.6648983955383301,
                    2.680291175842285
                ],
                [
                    0.7215736508369446,
                    -0.268961101770401,
                    0.6379587650299072,
                    2.5716941356658936
                ],
                [
                    1.4901162970204496e-08,
                    0.921455979347229,
                    0.38848257064819336,
                    1.566023349761963
                ],
                [
                    0.0,
                    0.0,
                    0.0,
                    1.0
                ]
            ]
        },
        {
            "file_path": "./train/r_44",
            "rotation": 0.031415926535897934,
            "transform_matrix": [
                [
                    -0.33550894260406494,
                    -0.9012713432312012,
                    0.27412334084510803,
                    1.1050264835357666
                ],
                [
                    0.9420371055603027,
                    -0.3209901452064514,
                    0.09762974083423615,
                    0.3935580849647522
                ],
                [
                    0.0,
                    0.29099005460739136,
                    0.95672607421875,
                    3.8566861152648926
                ],
                [
                    0.0,
                    0.0,
                    0.0,
                    1.0
                ]
            ]
        },
        {
            "file_path": "./train/r_45",
            "rotation": 0.031415926535897934,
            "transform_matrix": [
                [
                    -0.9486868381500244,
                    0.24508345127105713,
                    -0.1998186856508255,
                    -0.8054949045181274
                ],
                [
                    -0.3162173628807068,
                    -0.7352772951126099,
                    0.599478006362915,
                    2.4165730476379395
