{
    "camera_angle_x": 0.6911112070083618,
    "frames": [
        {
            "file_path": "./train/r_0",
            "rotation": 0.031415926535897934,
            "transform_matrix": [
                [
                    0.9997627139091492,
                    0.01164085604250431,
                    -0.01841050758957863,
                    -0.0742151290178299
                ],
                [
                    -0.02178201824426651,
                    0.5342982411384583,
                    -0.8450153470039368,
                    -3.4063656330108643
                ],
                [
                    0.0,
                    0.8452158570289612,
                    0.5344250202178955,
                    2.1543362140655518
                ],
                [
                    0.0,
                    0.0,
                    0.0,
                    1.0
                ]
            ]
        },
        {
            "file_path": "./train/r_1",
            "rotation": 0.031415926535897934,
            "transform_matrix": [
                [
                    -0.159012570977211,
                    -0.9511588215827942,
                    0.2645977735519409,
                    1.0666277408599854
                ],
                [
                    0.987276554107666,
                    -0.15319538116455078,
                    0.042616602033376694,
                    0.17179301381111145
                ],
                [
                    3.725290076417309e-09,
                    0.26800763607025146,
                    0.9634167551994324,
                    3.8836569786071777
                ],
                [
                    0.0,
                    0.0,
                    0.0,
                    1.0
                ]
            ]
        },
        {
            "file_path": "./train/r_2",
            "rotation": 0.031415926535897934,
            "transform_matrix": [
                [
                    -0.27283772826194763,
                    -0.2640020251274109,
                    0.9251282811164856,
                    3.72931170463562
                ],
                [
                    0.9620601534843445,
                    -0.0748702809214592,
                    0.2623639404773712,
                    1.057623028755188
                ],
                [
                    0.0,
                    0.9616118669509888,
                    0.27441319823265076,
                    1.106195092201233
                ],
                [
                    0.0,
                    0.0,
                    0.0,
                    1.0
                ]
            ]
        },
        {
            "file_path": "./train/r_3",
            "rotation": 0.031415926535897934,
            "transform_matrix": [
                [
                    0.5842899680137634,
                    -0.571652352809906,
                    0.5760371088981628,
                    2.322080135345459
                ],
                [
                    0.8115450143814087,
                    0.4115738868713379,
                    -0.4147307872772217,
                    -1.6718335151672363
                ],
                [
                    1.4901162970204496e-08,
                    0.70980304479599,
                    0.7044000625610352,
                    2.8395276069641113
                ],
                [
                    0.0,
                    0.0,
                    0.0,
                    1.0
                ]
            ]
        },
        {
            "file_path": "./train/r_4",
            "rotation": 0.031415926535897934,
            "transform_matrix": [
                [
                    0.7954978346824646,
                    -0.2230762392282486,
                    0.5634005665779114,
                    2.2711403369903564
                ],
                [
                    0.6059564352035522,
                    0.29285380244255066,
                    -0.7396305799484253,
                    -2.98154616355896
                ],
                [
                    0.0,
                    0.9297706484794617,
                    0.3681390881538391,
                    1.4840161800384521
                ],
                [
                    0.0,
                    0.0,
                    0.0,
                    1.0
                ]
            ]
        },
        {
            "file_path": "./train/r_5",
            "rotation": 0.031415926535897934,
            "transform_matrix": [
                [
                    0.998058021068573,
                    -0.04713771492242813,
                    0.040719859302043915,
                    0.1641470193862915
                ],
                [
                    0.062290217727422714,
                    0.7552738785743713,
                    -0.652442455291748,
                    -2.630079984664917
                ],
                [
                    1.8626450382086546e-09,
                    0.6537120342254639,
                    0.7567433714866638,
                    3.050530433654785
                ],
                [
                    0.0,
                    0.0,
                    0.0,
                    1.0
                ]
            ]
        },
        {
            "file_path": "./train/r_6",
            "rotation": 0.031415926535897934,
            "transform_matrix": [
                [
                    -0.12514352798461914,
                    0.5232030749320984,
                    -0.842969536781311,
                    -3.3981189727783203
                ],
                [
                    -0.9921385645866394,
                    -0.06599429249763489,
                    0.1063280776143074,
                    0.42862218618392944
                ],
                [
                    -3.7252896323280993e-09,
                    0.8496490120887756,
                    0.5273486971855164,
                    2.1258106231689453
                ],
                [
                    0.0,
                    0.0,
                    0.0,
                    1.0
                ]
            ]
        },
        {
            "file_path": "./train/r_7",
            "rotation": 0.031415926535897934,
            "transform_matrix": [
                [
                    0.4077796936035156,
                    0.8268030881881714,
                    -0.3874434232711792,
                    -1.561834454536438
                ],
                [
                    -0.9130802750587463,
                    0.36924847960472107,
                    -0.17303140461444855,
                    -0.6975119113922119
                ],
                [
                    -1.4901160305669237e-08,
                    0.4243256747722626,
                    0.9055096507072449,
                    3.65022611618042
                ],
                [
                    0.0,
                    0.0,
                    0.0,
                    1.0
                ]
            ]
        },
        {
            "file_path": "./train/r_8",
            "rotation": 0.031415926535897934,
            "transform_matrix": [
                [
                    -0.9208519458770752,
                    -0.2618265450000763,
                    0.288926362991333,
                    1.1646995544433594
                ],
                [
                    0.38991227746009827,
                    -0.6183531284332275,
                    0.6823545098304749,
                    2.750659227371216
                ],
                [
                    0.0,
                    0.7410034537315369,
                    0.6715010404586792,
                    2.7069075107574463
                ],
                [
                    0.0,
                    0.0,
                    0.0,
                    1.0
                ]
            ]
        },
        {
            "file_path": "./train/r_9",
            "rotation": 0.031415926535897934,
            "transform_matrix": [
                [
                    0.9970800876617432,
                    -0.01820763386785984,
                    0.07416071742773056,
                    0.2989514172077179
                ],
                [
                    0.07636314630508423,
                    0.23773860931396484,
                    -0.9683228135108948,
                    -3.9034340381622314
                ],
                [
                    1.862645149230957e-09,
                    0.971158504486084,
                    0.23843485116958618,
                    0.9611616134643555
                ],
                [
                    0.0,
                    0.0,
                    0.0,
                    1.0
                ]
            ]
        },
        {
            "file_path": "./train/r_10",
            "rotation": 0.031415926535897934,
            "transform_matrix": [
                [
                    -0.8679364323616028,
                    0.4058755040168762,
                    -0.28627151250839233,
                    -1.153997540473938
                ],
                [
                    -0.4966752231121063,
                    -0.7092645168304443,
                    0.5002574324607849,
                    2.0166025161743164
                ],
                [
                    1.4901160305669237e-08,
                    0.5763756632804871,
                    0.8171847462654114,
                    3.294177293777466
                ],
                [
                    0.0,
                    0.0,
                    0.0,
                    1.0
                ]
            ]
        },
        {
            "file_path": "./train/r_11",
            "rotation": 0.031415926535897934,
            "transform_matrix": [
                [
                    -0.2224029004573822,
                    0.21984831988811493,
                    -0.9498440027236938,
                    -3.8289437294006348
                ],
                [
                    -0.9749548435211182,
                    -0.05015093833208084,
                    0.21667471528053284,
                    0.8734437227249146
                ],
                [
                    7.450580152834618e-09,
                    0.9742441773414612,
                    0.22549588978290558,
                    0.9090030193328857
                ],
                [
                    0.0,
                    0.0,
                    0.0,
                    1.0
                ]
            ]
        },
        {
            "file_path": "./train/r_12",
            "rotation": 0.031415926535897934,
            "transform_matrix": [
                [
                    0.19140376150608063,
                    -0.636672854423523,
                    0.747002124786377,
                    3.0112621784210205
                ],
                [
                    0.9815114140510559,
                    0.12415707111358643,
                    -0.1456722915172577,
                    -0.5872238278388977
                ],
                [
                    0.0,
                    0.7610733509063721,
                    0.6486656665802002,
                    2.6148552894592285
                ],
                [
                    0.0,
                    0.0,
                    0.0,
                    1.0
                ]
            ]
        },
        {
            "file_path": "./train/r_13",
            "rotation": 0.031415926535897934,
            "transform_matrix": [
                [
                    -0.6153590679168701,
                    -0.16641519963741302,
                    0.7704799175262451,
                    3.1059038639068604
                ],
                [
                    0.7882470488548279,
                    -0.12991496920585632,
                    0.6014888286590576,
                    2.4246790409088135
                ],
                [
                    -7.450581485102248e-09,
                    0.9774599671363831,
                    0.2111206203699112,
                    0.8510544300079346
                ],
                [
                    0.0,
                    0.0,
                    0.0,
                    1.0
                ]
            ]
        },
        {
            "file_path": "./train/r_14",
            "rotation": 0.031415926535897934,
            "transform_matrix": [
                [
                    0.6240915656089783,
                    -0.29242393374443054,
                    0.7245674133300781,
                    2.9208247661590576
                ],
                [
                    0.7813512682914734,
                    0.23356884717941284,
                    -0.578736424446106,
                    -2.332961082458496
                ],
                [
                    0.0,
                    0.9273261427879333,
                    0.37425416707992554,
                    1.508666753768921
                ],
                [
                    0.0,
                    0.0,
                    0.0,
                    1.0
                ]
            ]
        },
        {
            "file_path": "./train/r_15",
            "rotation": 0.031415926535897934,
            "transform_matrix": [
                [
                    -0.4257250726222992,
                    -0.7839657068252563,
                    0.45183610916137695,
                    1.8214097023010254
                ],
                [
                    0.904852569103241,
                    -0.36884886026382446,
                    0.21258486807346344,
                    0.8569570779800415
                ],
                [
                    0.0,
                    0.4993477761745453,
                    0.8664015531539917,
                    3.4925765991210938
                ],
                [
                    0.0,
                    0.0,
                    0.0,
                    1.0
                ]
            ]
        },
        {
            "file_path": "./train/r_16",
            "rotation": 0.031415926535897934,
            "transform_matrix": [
                [
                    -0.06765159219503403,
                    0.38018664717674255,
                    -0.9224322438240051,
                    -3.7184436321258545
                ],
                [
                    -0.9977089762687683,
                    -0.025779293850064278,
                    0.06254731118679047,
                    0.25213631987571716
                ],
                [
                    1.8626450382086546e-09,
                    0.924550473690033,
                    0.38105958700180054,
                    1.5361005067825317
                ],
                [
                    0.0,
                    0.0,
                    0.0,
                    1.0
                ]
            ]
        },
        {
            "file_path": "./train/r_17",
            "rotation": 0.031415926535897934,
            "transform_matrix": [
                [
                    -0.6399654746055603,
                    0.6115682125091553,
                    -0.465218722820282,
                    -1.875356674194336
                ],
                [
                    -0.7684035301208496,
                    -0.5093450546264648,
                    0.3874577581882477,
                    1.5618921518325806
                ],
                [
                    0.0,
                    0.6054352521896362,
                    0.7958945035934448,
                    3.208353281021118
                ],
                [
                    0.0,
                    0.0,
                    0.0,
                    1.0
                ]
            ]
        },
        {
            "file_path": "./train/r_18",
            "rotation": 0.031415926535897934,
            "transform_matrix": [
                [
                    -0.06722193211317062,
                    -0.38383665680885315,
                    0.9209509491920471,
                    3.7124719619750977
                ],
                [
                    0.9977380633354187,
                    -0.02586073987185955,
                    0.06204846128821373,
                    0.25012534856796265
                ],
                [
                    0.0,
                    0.9230388402938843,
                    0.3847068250179291,
                    1.5508028268814087
                ],
                [
                    0.0,
                    0.0,
                    0.0,
                    1.0
                ]
            ]
        },
        {
            "file_path": "./train/r_19",
            "rotation": 0.031415926535897934,
            "transform_matrix": [
                [
                    0.9978863000869751,
                    -0.04627886041998863,
                    0.045620206743478775,
                    0.18390093743801117
                ],
                [
                    0.06498412787914276,
                    0.710651159286499,
                    -0.7005369663238525,
                    -2.8239548206329346
                ],
                [
                    0.0,
                    0.7020208835601807,
                    0.7121564149856567,
                    2.8707942962646484
                ],
                [
                    0.0,
                    0.0,
                    0.0,
                    1.0
                ]
            ]
        },
        {
            "file_path": "./train/r_20",
            "rotation": 0.031415926535897934,
            "transform_matrix": [
                [
                    -0.8371342420578003,
                    0.11479879915714264,
                    -0.5348153114318848,
                    -2.155909776687622
                ],
                [
                    -0.5469974875450134,
                    -0.17569002509117126,
                    0.8184903860092163,
                    3.299440860748291
                ],
                [
                    7.450580596923828e-09,
                    0.9777291417121887,
                    0.20987075567245483,
                    0.8460161685943604
                ],
                [
                    0.0,
                    0.0,
                    0.0,
                    1.0
                ]
            ]
        },
        {
            "file_path": "./train/r_21",
            "rotation": 0.031415926535897934,
            "transform_matrix": [
                [
                    -0.7766740322113037,
                    0.3642936646938324,
                    -0.5138750076293945,
                    -2.0714967250823975
                ],
                [
                    -0.6299027800559998,
                    -0.4491763114929199,
                    0.6336110830307007,
                    2.554168224334717
                ],
                [
                    1.4901162970204496e-08,
                    0.8158005475997925,
                    0.5783331394195557,
                    2.3313357830047607
                ],
                [
                    0.0,
                    0.0,
                    0.0,
                    1.0
                ]
            ]
        },
        {
            "file_path": "./train/r_22",
            "rotation": 0.031415926535897934,
            "transform_matrix": [
                [
                    -0.3948908746242523,
                    -0.5636801719665527,
                    0.7254830598831177,
                    2.924515962600708
                ],
                [
                    0.9187279343605042,
                    -0.24228303134441376,
                    0.31182968616485596,
                    1.2570258378982544
                ],
                [
                    1.4901159417490817e-08,
                    0.7896603941917419,
                    0.6135441064834595,
                    2.473275661468506
                ],
                [
                    0.0,
                    0.0,
                    0.0,
                    1.0
                ]
            ]
        },
        {
            "file_path": "./train/r_23",
            "rotation": 0.031415926535897934,
            "transform_matrix": [
                [
                    -0.6725812554359436,
                    -0.43466484546661377,
                    0.5989164710044861,
                    2.414309501647949
                ],
                [
                    0.7400232553482056,
                    -0.39505165815353394,
                    0.5443342328071594,
                    2.194281578063965
                ],
                [
                    -1.4901160305669237e-08,
                    0.8093211650848389,
                    0.5873664021492004,
                    2.3677496910095215
                ],
                [
                    0.0,
                    0.0,
                    0.0,
                    1.0
                ]
            ]
        },
        {
            "file_path": "./train/r_24",
            "rotation": 0.031415926535897934,
            "transform_matrix": [
                [
                    0.18297195434570312,
                    -0.1902937889099121,
                    0.9645254611968994,
                    3.888126850128174
                ],
                [
                    0.9831181168556213,
                    0.03541631996631622,
                    -0.17951160669326782,
                    -0.7236344814300537
                ],
                [
                    3.725290298461914e-09,
                    0.9810881018638611,
                    0.19356143474578857,
                    0.7802711725234985
                ],
                [
                    0.0,
                    0.0,
                    0.0,
                    1.0
                ]
            ]
        },
        {
            "file_path": "./train/r_25",
            "rotation": 0.031415926535897934,
            "transform_matrix": [
                [
                    0.9999982714653015,
                    -0.00131336716003716,
                    0.0013733680825680494,
                    0.005536224227398634
                ],
                [
                    0.0019002826884388924,
                    0.6911418437957764,
                    -0.7227165699005127,
                    -2.9133639335632324
                ],
                [
                    5.820766785236131e-11,
                    0.7227179408073425,
                    0.6911429762840271,
                    2.7860867977142334
                ],
                [
                    0.0,
                    0.0,
                    0.0,
                    1.0
                ]
            ]
        },
        {
            "file_path": "./train/r_26",
            "rotation": 0.031415926535897934,
            "transform_matrix": [
                [
                    -0.060091111809015274,
                    0.9503546953201294,
                    -0.3053114712238312,
                    -1.2307499647140503
                ],
                [
                    -0.9981928467750549,
                    -0.0572112612426281,
                    0.01837972179055214,
                    0.07409102469682693
                ],
                [
                    0.0,
                    0.3058641254901886,
                    0.9520751237869263,
                    3.837937593460083
                ],
                [
                    0.0,
                    0.0,
                    0.0,
                    1.0
                ]
            ]
        },
        {
            "file_path": "./train/r_27",
            "rotation": 0.031415926535897934,
            "transform_matrix": [
                [
                    0.5054103136062622,
                    0.2735898494720459,
                    -0.818357527256012,
                    -3.2989046573638916
                ],
                [
                    -0.86287921667099,
                    0.1602485179901123,
                    -0.4793328046798706,
                    -1.9322521686553955
                ],
                [
                    -1.4901161193847656e-08,
                    0.9484033584594727,
                    0.3170662224292755,
                    1.278134822845459
                ],
                [
                    0.0,
                    0.0,
                    0.0,
                    1.0
                ]
            ]
        },
        {
            "file_path": "./train/r_28",
            "rotation": 0.031415926535897934,
            "transform_matrix": [
                [
                    -0.7084237933158875,
                    0.5861569046974182,
                    -0.39313581585884094,
                    -1.584781289100647
                ],
                [
                    -0.7057873606681824,
                    -0.5883464217185974,
                    0.39460432529449463,
                    1.5907009840011597
                ],
                [
                    0.0,
                    0.5570173263549805,
                    0.8305007219314575,
                    3.347855806350708
                ],
                [
                    0.0,
                    0.0,
                    0.0,
                    1.0
                ]
            ]
        },
        {
            "file_path": "./train/r_29",
            "rotation": 0.031415926535897934,
            "transform_matrix": [
                [
                    0.9495036602020264,
                    -0.20810191333293915,
                    0.23481178283691406,
                    0.946556568145752
                ],
                [
                    0.3137562870979309,
                    0.6297675371170044,
                    -0.7105981707572937,
                    -2.8645129203796387
                ],
                [
                    -1.4901162970204496e-08,
                    0.7483891248703003,
                    0.6632598638534546,
                    2.6736860275268555
                ],
                [
                    0.0,
                    0.0,
                    0.0,
                    1.0
                ]
            ]
        },
        {
            "file_path": "./train/r_30",
            "rotation": 0.031415926535897934,
            "transform_matrix": [
                [
                    -0.3901684284210205,
                    -0.4952310025691986,
                    0.7762182950973511,
                    3.1290359497070312
                ],
                [
                    0.9207435250282288,
                    -0.20985592901706696,
                    0.32892534136772156,
                    1.325940489768982
                ],
                [
                    -1.4901161193847656e-08,
                    0.8430341482162476,
                    0.5378598570823669,
                    2.168182373046875
                ],
                [
                    0.0,
                    0.0,
                    0.0,
                    1.0
                ]
            ]
        },
        {
            "file_path": "./train/r_31",
            "rotation": 0.031415926535897934,
            "transform_matrix": [
                [
                    0.42295393347740173,
                    -0.6294272541999817,
                    0.6518676280975342,
                    2.6277623176574707
                ],
                [
                    0.9061511754989624,
                    0.29379063844680786,
                    -0.3042648732662201,
                    -1.226530909538269
                ],
                [
                    0.0,
                    0.7193806767463684,
                    0.6946160197257996,
                    2.800086736679077
                ],
                [
                    0.0,
                    0.0,
                    0.0,
                    1.0
                ]
            ]
        },
        {
            "file_path": "./train/r_32",
            "rotation": 0.031415926535897934,
            "transform_matrix": [
                [
                    0.1897929459810257,
                    0.3506312966346741,
                    -0.9170803427696228,
                    -3.696869134902954
                ],
                [
                    -0.9818241000175476,
                    0.0677792951464653,
                    -0.1772775650024414,
                    -0.7146286964416504
                ],
                [
                    -3.725290076417309e-09,
                    0.9340577125549316,
                    0.3571222722530365,
                    1.439605951309204
                ],
                [
                    0.0,
                    0.0,
                    0.0,
                    1.0
                ]
            ]
        },
        {
            "file_path": "./train/r_33",
            "rotation": 0.031415926535897934,
            "transform_matrix": [
                [
                    0.7925254702568054,
                    0.16833621263504028,
                    -0.586145281791687,
                    -2.3628273010253906
                ],
                [
                    -0.6098387837409973,
                    0.21876394748687744,
                    -0.7617341876029968,
                    -3.070648670196533
                ],
                [
                    0.0,
                    0.9611478447914124,
                    0.2760339677333832,
                    1.112728476524353
                ],
                [
                    0.0,
                    0.0,
                    0.0,
                    1.0
                ]
            ]
        },
        {
            "file_path": "./train/r_34",
            "rotation": 0.031415926535897934,
            "transform_matrix": [
                [
                    -0.937627375125885,
                    0.28301239013671875,
                    -0.2018880397081375,
                    -0.8138366937637329
                ],
                [
                    -0.3476417064666748,
                    -0.7633151412010193,
                    0.5445139408111572,
                    2.1950058937072754
                ],
                [
                    -1.4901158529312397e-08,
                    0.5807359218597412,
                    0.8140920400619507,
                    3.281709909439087
                ],
                [
                    0.0,
                    0.0,
                    0.0,
                    1.0
                ]
            ]
        },
        {
            "file_path": "./train/r_35",
            "rotation": 0.031415926535897934,
            "transform_matrix": [
                [
                    -0.973163366317749,
                    -0.03259994089603424,
                    0.22779393196105957,
                    0.9182667136192322
                ],
                [
                    0.23011480271816254,
                    -0.13786625862121582,
                    0.9633483290672302,
                    3.8833813667297363
                ],
                [
                    0.0,
                    0.9899142384529114,
                    0.14166812598705292,
                    0.5710824728012085
                ],
                [
                    0.0,
                    0.0,
                    0.0,
                    1.0
                ]
            ]
        },
        {
            "file_path": "./train/r_36",
            "rotation": 0.031415926535897934,
            "transform_matrix": [
                [
                    0.8628690242767334,
                    -0.1963924765586853,
                    0.465711385011673,
                    1.877342700958252
                ],
                [
                    0.5054276585578918,
                    0.3352823555469513,
                    -0.79506516456604,
                    -3.205010175704956
                ],
                [
                    0.0,
                    0.9214204549789429,
                    0.3885669708251953,
                    1.5663635730743408
                ],
                [
                    0.0,
                    0.0,
                    0.0,
                    1.0
                ]
            ]
        },
        {
            "file_path": "./train/r_37",
            "rotation": 0.031415926535897934,
            "transform_matrix": [
                [
                    0.8716630339622498,
                    0.25324809551239014,
                    -0.41960570216178894,
                    -1.6914846897125244
                ],
                [
                    -0.49010565876960754,
                    0.4504069685935974,
                    -0.746277391910553,
                    -3.008340358734131
                ],
                [
                    0.0,
                    0.8561534881591797,
                    0.5167214870452881,
                    2.0829708576202393
                ],
                [
                    0.0,
                    0.0,
                    0.0,
                    1.0
                ]
            ]
        },
        {
            "file_path": "./train/r_38",
            "rotation": 0.031415926535897934,
            "transform_matrix": [
                [
                    -0.6841641068458557,
                    -0.36197882890701294,
                    0.6331592202186584,
                    2.552346706390381
                ],
                [
                    0.7293279767036438,
                    -0.33956319093704224,
                    0.593950629234314,
                    2.394291877746582
                ],
                [
                    1.4901160305669237e-08,
                    0.8681405186653137,
                    0.4963182508945465,
                    2.000723123550415
                ],
                [
                    0.0,
                    0.0,
                    0.0,
                    1.0
                ]
            ]
        },
        {
            "file_path": "./train/r_39",
            "rotation": 0.031415926535897934,
            "transform_matrix": [
                [
                    0.31593042612075806,
                    0.12088317424058914,
                    -0.941050112247467,
                    -3.7934939861297607
                ],
                [
                    -0.9487822651863098,
                    0.04025230184197426,
                    -0.3133557140827179,
                    -1.2631771564483643
                ],
                [
                    0.0,
                    0.9918501973152161,
                    0.12740877270698547,
                    0.5136011242866516
                ],
                [
                    0.0,
                    0.0,
                    0.0,
                    1.0
                ]
            ]
        },
        {
            "file_path": "./train/r_40",
            "rotation": 0.031415926535897934,
            "transform_matrix": [
                [
                    -0.985022246837616,
                    -0.06719711422920227,
                    0.15879414975643158,
                    0.640119731426239
                ],
                [
                    0.17242689430713654,
                    -0.38387662172317505,
                    0.9071425795555115,
                    3.656808853149414
                ],
                [
                    0.0,
                    0.9209359884262085,
                    0.3897136151790619,
                    1.5709859132766724
                ],
                [
                    0.0,
                    0.0,
                    0.0,
                    1.0
                ]
            ]
        },
        {
            "file_path": "./train/r_41",
            "rotation": 0.031415926535897934,
            "transform_matrix": [
                [
                    -0.543480634689331,
                    0.5258137583732605,
                    -0.6543305516242981,
                    -2.637691020965576
                ],
                [
                    -0.8394216895103455,
                    -0.34043630957603455,
                    0.4236440360546112,
                    1.707763910293579
                ],
                [
                    -1.4901161193847656e-08,
                    0.7795016169548035,
                    0.6264000535011292,
                    2.525099515914917
                ],
                [
                    0.0,
                    0.0,
                    0.0,
                    1.0
                ]
            ]
        },
        {
            "file_path": "./train/r_42",
            "rotation": 0.031415926535897934,
            "transform_matrix": [
                [
                    -0.3962201178073883,
                    0.6084774136543274,
                    -0.6875789165496826,
                    -2.771719217300415
                ],
                [
                    -0.9181554913520813,
                    -0.26258188486099243,
                    0.2967172861099243,
                    1.1961055994033813
                ],
                [
                    0.0,
                    0.7488697171211243,
                    0.6627171635627747,
                    2.6714982986450195
                ],
                [
                    0.0,
                    0.0,
                    0.0,
                    1.0
                ]
            ]
        },
        {
            "file_path": "./train/r_43",
            "rotation": 0.031415926535897934,
            "transform_matrix": [
                [
                    -0.20537397265434265,
                    -0.9585978388786316,
                    0.197260320186615,
                    0.7951816916465759
                ],
                [
                    0.9786836504936218,
                    -0.2011590152978897,
                    0.041394513100385666,
                    0.16686660051345825
                ],
                [
                    0.0,
                    0.20155687630176544,
                    0.9794768691062927,
                    3.948397159576416
                ],
                [
                    0.0,
                    0.0,
                    0.0,
                    1.0
                ]
            ]
        },
        {
            "file_path": "./train/r_44",
            "rotation": 0.031415926535897934,
            "transform_matrix": [
                [
                    -0.8199123740196228,
                    -0.0832478478550911,
                    0.5664040446281433,
                    2.283247709274292
                ],
                [
                    0.5724890828132629,
                    -0.11922662705183029,
                    0.8111974596977234,
                    3.2700414657592773
                ],
                [
                    0.0,
                    0.9893709421157837,
                    0.1454138606786728,
                    0.5861819982528687
                ],
                [
                    0.0,
                    0.0,
                    0.0,
                    1.0
                ]
            ]
        },
        {
            "file_path": "./train/r_45",
            "rotation": 0.031415926535897934,
            "transform_matrix": [
                [
                    -0.24344144761562347,
                    0.9230034947395325,
                    -0.2979946732521057,
                    -1.2012550830841064
                ],
                [
                    -0.9699155688285828,
