{
    "camera_angle_x": 0.6911112070083618,
    "frames": [
        {
            "file_path": "./train/r_0",
            "rotation": 0.031415926535897934,
            "transform_matrix": [
                [
                    -0.053643710911273956,
                    -0.5707682967185974,
                    0.8193569183349609,
                    3.302933692932129
                ],
                [
                    0.9985601902008057,
                    -0.030662279576063156,
                    0.044016722589731216,
                    0.17743709683418274
                ],
                [
                    0.0,
                    0.8205385208129883,
                    0.5715911984443665,
                    2.3041579723358154
                ],
                [
                    0.0,
                    0.0,
                    0.0,
                    1.0
                ]
            ]
        },
        {
            "file_path": "./train/r_1",
            "rotation": 0.031415926535897934,
            "transform_matrix": [
                [
                    -0.6411619186401367,
                    0.30812621116638184,
                    -0.7028297781944275,
                    -2.8331973552703857
                ],
                [
                    -0.7674056887626648,
                    -0.25743722915649414,
                    0.587209165096283,
                    2.3671157360076904
                ],
                [
                    -1.4901161193847656e-08,
                    0.9158516526222229,
                    0.40151676535606384,
                    1.6185657978057861
                ],
                [
                    0.0,
                    0.0,
                    0.0,
                    1.0
                ]
            ]
        },
        {
            "file_path": "./train/r_2",
            "rotation": 0.031415926535897934,
            "transform_matrix": [
                [
                    0.7311177253723145,
                    0.26973339915275574,
                    -0.6266663670539856,
                    -2.5261728763580322
                ],
                [
                    -0.6822513341903687,
                    0.2890531122684479,
                    -0.671551525592804,
                    -2.70711088180542
                ],
                [
                    -1.4901159417490817e-08,
                    0.9185272455215454,
                    0.39535781741142273,
                    1.593738317489624
                ],
                [
                    0.0,
                    0.0,
                    0.0,
                    1.0
                ]
            ]
        },
        {
            "file_path": "./train/r_3",
            "rotation": 0.031415926535897934,
            "transform_matrix": [
                [
                    -0.4895177483558655,
                    -0.740414023399353,
                    0.460607647895813,
                    1.8567688465118408
                ],
                [
                    0.871993362903595,
                    -0.4156520366668701,
                    0.2585749328136444,
                    1.042348861694336
                ],
                [
                    0.0,
                    0.5282236933708191,
                    0.8491051197052002,
                    3.4228522777557373
                ],
                [
                    0.0,
                    0.0,
                    0.0,
                    1.0
                ]
            ]
        },
        {
            "file_path": "./train/r_4",
            "rotation": 0.031415926535897934,
            "transform_matrix": [
                [
                    -0.7982908487319946,
                    0.545377790927887,
                    -0.2555285394191742,
                    -1.0300686359405518
                ],
                [
                    -0.6022721529006958,
                    -0.7228793501853943,
                    0.3386942446231842,
                    1.3653203248977661
                ],
                [
                    0.0,
                    0.4242742657661438,
                    0.9055336713790894,
                    3.6503231525421143
                ],
                [
                    0.0,
                    0.0,
                    0.0,
                    1.0
                ]
            ]
        },
        {
            "file_path": "./train/r_5",
            "rotation": 0.031415926535897934,
            "transform_matrix": [
                [
                    0.9264024496078491,
                    -0.0965939313173294,
                    0.36393430829048157,
                    1.4670662879943848
                ],
                [
                    0.37653496861457825,
                    0.2376534789800644,
                    -0.8954005837440491,
                    -3.6094753742218018
                ],
                [
                    7.450580596923828e-09,
                    0.9665353894233704,
                    0.2565337121486664,
                    1.0341205596923828
                ],
                [
                    0.0,
                    0.0,
                    0.0,
                    1.0
                ]
            ]
        },
        {
            "file_path": "./train/r_6",
            "rotation": 0.031415926535897934,
            "transform_matrix": [
                [
                    0.8691199421882629,
                    0.0621161162853241,
                    -0.490685373544693,
                    -1.9780157804489136
                ],
                [
                    -0.49460136890411377,
                    0.10915124416351318,
                    -0.8622387051582336,
                    -3.475795030593872
                ],
                [
                    0.0,
                    0.992082417011261,
                    0.12558825314044952,
                    0.5062623620033264
                ],
                [
                    0.0,
                    0.0,
                    0.0,
                    1.0
                ]
            ]
        },
        {
            "file_path": "./train/r_7",
            "rotation": 0.031415926535897934,
            "transform_matrix": [
                [
                    0.040132150053977966,
                    0.23546066880226135,
                    -0.9710548520088196,
                    -3.914447546005249
                ],
                [
                    -0.999194324016571,
                    0.009457163512706757,
                    -0.0390019454061985,
                    -0.15722188353538513
                ],
                [
                    0.0,
                    0.9718378782272339,
                    0.23565049469470978,
                    0.9499375820159912
                ],
                [
                    0.0,
                    0.0,
                    0.0,
                    1.0
                ]
            ]
        },
        {
            "file_path": "./train/r_8",
            "rotation": 0.031415926535897934,
            "transform_matrix": [
                [
                    0.8822609186172485,
                    -0.2911297380924225,
                    0.36994487047195435,
                    1.4912954568862915
                ],
                [
                    0.4707608222961426,
                    0.5456112623214722,
                    -0.6933199763298035,
                    -2.7948622703552246
                ],
                [
                    -2.980232594040899e-08,
                    0.785844624042511,
                    0.6184239387512207,
                    2.4929466247558594
                ],
                [
                    0.0,
                    0.0,
                    0.0,
                    1.0
                ]
            ]
        },
        {
            "file_path": "./train/r_9",
            "rotation": 0.031415926535897934,
            "transform_matrix": [
                [
                    -0.6658243536949158,
                    -0.2208300083875656,
                    0.7126795053482056,
                    2.8729028701782227
                ],
                [
                    0.7461085915565491,
                    -0.19706782698631287,
                    0.6359923481941223,
                    2.563767194747925
                ],
                [
                    0.0,
                    0.9551954865455627,
                    0.2959756851196289,
                    1.1931161880493164
                ],
                [
                    0.0,
                    0.0,
                    0.0,
                    1.0
                ]
            ]
        },
        {
            "file_path": "./train/r_10",
            "rotation": 0.031415926535897934,
            "transform_matrix": [
                [
                    0.2748750150203705,
                    0.8510671854019165,
                    -0.4473571181297302,
                    -1.803354263305664
                ],
                [
                    -0.9614799618721008,
                    0.2433094084262848,
                    -0.12789377570152283,
                    -0.515556275844574
                ],
                [
                    0.0,
                    0.46527981758117676,
                    0.8851636648178101,
                    3.568208932876587
                ],
                [
                    0.0,
                    0.0,
                    0.0,
                    1.0
                ]
            ]
        },
        {
            "file_path": "./train/r_11",
            "rotation": 0.031415926535897934,
            "transform_matrix": [
                [
                    0.8289127945899963,
                    -0.3702094256877899,
                    0.41934317350387573,
                    1.6904263496398926
                ],
                [
                    0.5593779683113098,
                    0.5485938787460327,
                    -0.6214025616645813,
                    -2.5049538612365723
                ],
                [
                    -1.4901161193847656e-08,
                    0.7496597766876221,
                    0.6618233919143677,
                    2.6678953170776367
                ],
                [
                    0.0,
                    0.0,
                    0.0,
                    1.0
                ]
            ]
        },
        {
            "file_path": "./train/r_12",
            "rotation": 0.031415926535897934,
            "transform_matrix": [
                [
                    0.39721590280532837,
                    0.4800642430782318,
                    -0.7821495532989502,
                    -3.1529457569122314
                ],
                [
                    -0.9177253246307373,
                    0.2077845335006714,
                    -0.3385350704193115,
                    -1.3646785020828247
                ],
                [
                    0.0,
                    0.8522698879241943,
                    0.523102343082428,
                    2.1086928844451904
                ],
                [
                    0.0,
                    0.0,
                    0.0,
                    1.0
                ]
            ]
        },
        {
            "file_path": "./train/r_13",
            "rotation": 0.031415926535897934,
            "transform_matrix": [
                [
                    0.6072911024093628,
                    -0.5509456396102905,
                    0.5724127292633057,
                    2.307469606399536
                ],
                [
                    0.7944793701171875,
                    0.42113667726516724,
                    -0.43754589557647705,
                    -1.7638039588928223
                ],
                [
                    0.0,
                    0.7204878926277161,
                    0.6934674978256226,
                    2.795456886291504
                ],
                [
                    0.0,
                    0.0,
                    0.0,
                    1.0
                ]
            ]
        },
        {
            "file_path": "./train/r_14",
            "rotation": 0.031415926535897934,
            "transform_matrix": [
                [
                    -0.14293713867664337,
                    0.2810164988040924,
                    -0.9489988088607788,
                    -3.8255364894866943
                ],
                [
                    -0.9897318482398987,
                    -0.04058442264795303,
                    0.1370544731616974,
                    0.5524842739105225
                ],
                [
                    0.0,
                    0.9588443636894226,
                    0.28393200039863586,
                    1.144566535949707
                ],
                [
                    0.0,
                    0.0,
                    0.0,
                    1.0
                ]
            ]
        },
        {
            "file_path": "./train/r_15",
            "rotation": 0.031415926535897934,
            "transform_matrix": [
                [
                    0.5230389833450317,
                    0.7582241296768188,
                    -0.3892640471458435,
                    -1.5691736936569214
                ],
                [
                    -0.8523088693618774,
                    0.4653016924858093,
                    -0.23888084292411804,
                    -0.9629595279693604
                ],
                [
                    1.4901162970204496e-08,
                    0.4567171335220337,
                    0.8896118402481079,
                    3.5861403942108154
                ],
                [
                    0.0,
                    0.0,
                    0.0,
                    1.0
                ]
            ]
        },
        {
            "file_path": "./train/r_16",
            "rotation": 0.031415926535897934,
            "transform_matrix": [
                [
                    0.6865900754928589,
                    0.38740214705467224,
                    -0.6152347326278687,
                    -2.4800901412963867
                ],
                [
                    -0.7270448207855225,
                    0.36584603786468506,
                    -0.5810014009475708,
                    -2.3420913219451904
                ],
                [
                    0.0,
                    0.8462129235267639,
                    0.5328450202941895,
                    2.1479666233062744
                ],
                [
                    0.0,
                    0.0,
                    0.0,
                    1.0
                ]
            ]
        },
        {
            "file_path": "./train/r_17",
            "rotation": 0.031415926535897934,
            "transform_matrix": [
                [
                    0.6486607193946838,
                    -0.6431134939193726,
                    0.4069942533969879,
                    1.6406463384628296
                ],
                [
                    0.7610776424407959,
                    0.5481207370758057,
                    -0.3468780815601349,
                    -1.3983103036880493
                ],
                [
                    -1.4901159417490817e-08,
                    0.5347604751586914,
                    0.8450037240982056,
                    3.4063189029693604
                ],
                [
                    0.0,
                    0.0,
                    0.0,
                    1.0
                ]
            ]
        },
        {
            "file_path": "./train/r_18",
            "rotation": 0.031415926535897934,
            "transform_matrix": [
                [
                    -0.9058760404586792,
                    0.07959724217653275,
                    -0.4159962236881256,
                    -1.6769343614578247
                ],
                [
                    -0.42354288697242737,
                    -0.1702430546283722,
                    0.8897351622581482,
                    3.586637258529663
                ],
                [
                    0.0,
                    0.9821820855140686,
                    0.18793191015720367,
                    0.7575777769088745
                ],
                [
                    0.0,
                    0.0,
                    0.0,
                    1.0
                ]
            ]
        },
        {
            "file_path": "./train/r_19",
            "rotation": 0.031415926535897934,
            "transform_matrix": [
                [
                    0.2115335464477539,
                    0.7469374537467957,
                    -0.6303475499153137,
                    -2.5410122871398926
                ],
                [
                    -0.9773707389831543,
                    0.1616605967283249,
                    -0.1364268958568573,
                    -0.5499544143676758
                ],
                [
                    0.0,
                    0.644942045211792,
                    0.7642314434051514,
                    3.0807154178619385
                ],
                [
                    0.0,
                    0.0,
                    0.0,
                    1.0
                ]
            ]
        },
        {
            "file_path": "./train/r_20",
            "rotation": 0.031415926535897934,
            "transform_matrix": [
                [
                    -0.40792205929756165,
                    -0.13450685143470764,
                    0.9030545949935913,
                    3.640329122543335
                ],
                [
                    0.9130167365074158,
                    -0.06009562313556671,
                    0.4034711420536041,
                    1.6264439821243286
                ],
                [
                    -3.7252898543727042e-09,
                    0.9890887141227722,
                    0.14732132852077484,
                    0.5938711762428284
                ],
                [
                    0.0,
                    0.0,
                    0.0,
                    1.0
                ]
            ]
        },
        {
            "file_path": "./train/r_21",
            "rotation": 0.031415926535897934,
            "transform_matrix": [
                [
                    -0.3686330020427704,
                    0.6665158271789551,
                    -0.6479709148406982,
                    -2.6120543479919434
                ],
                [
                    -0.9295750856399536,
                    -0.26431405544281006,
                    0.25695985555648804,
                    1.0358383655548096
                ],
                [
                    -1.4901162970204496e-08,
                    0.6970614194869995,
                    0.7170113325119019,
                    2.8903651237487793
                ],
                [
                    0.0,
                    0.0,
                    0.0,
                    1.0
                ]
            ]
        },
        {
            "file_path": "./train/r_22",
            "rotation": 0.031415926535897934,
            "transform_matrix": [
                [
                    -0.5864526033401489,
                    -0.13252979516983032,
                    0.7990676164627075,
                    3.221144676208496
                ],
                [
                    0.8099835515022278,
                    -0.09595559537410736,
                    0.5785492062568665,
                    2.3322064876556396
                ],
                [
                    0.0,
                    0.9865233302116394,
                    0.16362035274505615,
                    0.6595747470855713
                ],
                [
                    0.0,
                    0.0,
                    0.0,
                    1.0
                ]
            ]
        },
        {
            "file_path": "./train/r_23",
            "rotation": 0.031415926535897934,
            "transform_matrix": [
                [
                    0.8684362769126892,
                    0.2843753695487976,
                    -0.4061393439769745,
                    -1.637200117111206
                ],
                [
                    -0.4958009123802185,
                    0.498106986284256,
                    -0.7113866209983826,
                    -2.8676912784576416
                ],
                [
                    1.4901161193847656e-08,
                    0.8191582560539246,
                    0.5735676288604736,
                    2.3121249675750732
                ],
                [
                    0.0,
                    0.0,
                    0.0,
                    1.0
                ]
            ]
        },
        {
            "file_path": "./train/r_24",
            "rotation": 0.031415926535897934,
            "transform_matrix": [
                [
                    -0.6194638609886169,
                    0.2927369475364685,
                    -0.7284020781517029,
                    -2.9362826347351074
                ],
                [
                    -0.7850251793861389,
                    -0.2309989035129547,
                    0.5747825503349304,
                    2.3170225620269775
                ],
                [
                    0.0,
                    0.9278709888458252,
                    0.37290138006210327,
                    1.5032135248184204
                ],
                [
                    0.0,
                    0.0,
                    0.0,
                    1.0
                ]
            ]
        },
        {
            "file_path": "./train/r_25",
            "rotation": 0.031415926535897934,
            "transform_matrix": [
                [
                    0.13810177147388458,
                    -0.5987793803215027,
                    0.7889176607131958,
                    3.1802289485931396
                ],
                [
                    0.9904181361198425,
                    0.08349250257015228,
                    -0.1100049763917923,
                    -0.44344428181648254
                ],
                [
                    0.0,
                    0.7965502738952637,
                    0.6045722365379333,
                    2.4371089935302734
                ],
                [
                    0.0,
                    0.0,
                    0.0,
                    1.0
                ]
            ]
        },
        {
            "file_path": "./train/r_26",
            "rotation": 0.031415926535897934,
            "transform_matrix": [
                [
                    -0.9510849714279175,
                    -0.04119158908724785,
                    0.3061709403991699,
                    1.234214425086975
                ],
                [
                    0.3089294135570526,
                    -0.12681441009044647,
                    0.9425926208496094,
                    3.7997119426727295
                ],
                [
                    0.0,
                    0.9910708069801331,
                    0.13333658874034882,
                    0.5374969244003296
                ],
                [
                    0.0,
                    0.0,
                    0.0,
                    1.0
                ]
            ]
        },
        {
            "file_path": "./train/r_27",
            "rotation": 0.031415926535897934,
            "transform_matrix": [
                [
                    0.6074357628822327,
                    0.6983120441436768,
                    -0.37865835428237915,
                    -1.5264205932617188
                ],
                [
                    -0.7943687438964844,
                    0.5339833498001099,
                    -0.28955143690109253,
                    -1.1672191619873047
                ],
                [
                    0.0,
                    0.4766782224178314,
                    0.8790778517723083,
                    3.5436761379241943
                ],
                [
                    0.0,
                    0.0,
                    0.0,
                    1.0
                ]
            ]
        },
        {
            "file_path": "./train/r_28",
            "rotation": 0.031415926535897934,
            "transform_matrix": [
                [
                    0.8283020853996277,
                    0.1155647486448288,
                    -0.5482338070869446,
                    -2.210000991821289
                ],
                [
                    -0.5602815747261047,
                    0.17084717750549316,
                    -0.8104910850524902,
                    -3.2671937942504883
                ],
                [
                    0.0,
                    0.9784968495368958,
                    0.20626190304756165,
                    0.8314682245254517
                ],
                [
                    0.0,
                    0.0,
                    0.0,
                    1.0
                ]
            ]
        },
        {
            "file_path": "./train/r_29",
            "rotation": 0.031415926535897934,
            "transform_matrix": [
                [
                    0.20215889811515808,
                    0.9457080960273743,
                    -0.25449541211128235,
                    -1.0259039402008057
                ],
                [
                    -0.9793527126312256,
                    0.1952139437198639,
                    -0.05253317952156067,
                    -0.2117680311203003
                ],
                [
                    3.725290298461914e-09,
                    0.2598607838153839,
                    0.965645968914032,
                    3.892643690109253
                ],
                [
                    0.0,
                    0.0,
                    0.0,
                    1.0
                ]
            ]
        },
        {
            "file_path": "./train/r_30",
            "rotation": 0.031415926535897934,
            "transform_matrix": [
                [
                    -0.6807876825332642,
                    0.5767072439193726,
                    -0.4515935480594635,
                    -1.8204319477081299
                ],
                [
                    -0.7324806451797485,
                    -0.5360075831413269,
                    0.4197234511375427,
                    1.6919595003128052
                ],
                [
                    0.0,
                    0.6165261268615723,
                    0.7873342633247375,
                    3.1738462448120117
                ],
                [
                    0.0,
                    0.0,
                    0.0,
                    1.0
                ]
            ]
        },
        {
            "file_path": "./train/r_31",
            "rotation": 0.031415926535897934,
            "transform_matrix": [
                [
                    -0.17044416069984436,
                    -0.2596454322338104,
                    0.9505435228347778,
                    3.831763505935669
                ],
                [
                    0.9853674173355103,
                    -0.044912226498126984,
                    0.164420485496521,
                    0.6628001928329468
                ],
                [
                    -3.725290742551124e-09,
                    0.9646590948104858,
                    0.2635011374950409,
                    1.0622071027755737
                ],
                [
                    0.0,
                    0.0,
                    0.0,
                    1.0
                ]
            ]
        },
        {
            "file_path": "./train/r_32",
            "rotation": 0.031415926535897934,
            "transform_matrix": [
                [
                    -0.5670685172080994,
                    -0.49594762921333313,
                    0.6576239466667175,
                    2.6509666442871094
                ],
                [
                    0.823670506477356,
                    -0.34144270420074463,
                    0.4527512192726135,
                    1.8250982761383057
                ],
                [
                    1.4901158529312397e-08,
                    0.7984064817428589,
                    0.6021189093589783,
                    2.4272186756134033
                ],
                [
                    0.0,
                    0.0,
                    0.0,
                    1.0
                ]
            ]
        },
        {
            "file_path": "./train/r_33",
            "rotation": 0.031415926535897934,
            "transform_matrix": [
                [
                    -0.7502272725105286,
                    0.5946647524833679,
                    -0.28902024030685425,
                    -1.165077805519104
                ],
                [
                    -0.6611798405647278,
                    -0.6747539639472961,
                    0.32794538140296936,
                    1.3219901323318481
                ],
                [
                    0.0,
                    0.43712809681892395,
                    0.8993992209434509,
                    3.6255943775177
                ],
                [
                    0.0,
                    0.0,
                    0.0,
                    1.0
                ]
            ]
        },
        {
            "file_path": "./train/r_34",
            "rotation": 0.031415926535897934,
            "transform_matrix": [
                [
                    0.3194062113761902,
                    -0.23043908178806305,
                    0.9191721677780151,
                    3.705301523208618
                ],
                [
                    0.9476178884506226,
                    0.0776723176240921,
                    -0.30981823801994324,
                    -1.2489172220230103
                ],
                [
                    -7.450580596923828e-09,
                    0.969981849193573,
                    0.24317723512649536,
                    0.9802787899971008
                ],
                [
                    0.0,
                    0.0,
                    0.0,
                    1.0
                ]
            ]
        },
        {
            "file_path": "./train/r_35",
            "rotation": 0.031415926535897934,
            "transform_matrix": [
                [
                    -0.107096828520298,
                    0.29781457781791687,
                    -0.9485973119735718,
                    -3.8239176273345947
                ],
                [
                    -0.9942485094070435,
                    -0.03207950294017792,
                    0.10217945277690887,
                    0.41189849376678467
                ],
                [
                    0.0,
                    0.9540847539901733,
                    0.2995373010635376,
                    1.2074733972549438
                ],
                [
                    0.0,
                    0.0,
                    0.0,
                    1.0
                ]
            ]
        },
        {
            "file_path": "./train/r_36",
            "rotation": 0.031415926535897934,
            "transform_matrix": [
                [
                    -0.3867597281932831,
                    -0.3586652874946594,
                    0.849574089050293,
                    3.4247426986694336
                ],
                [
                    0.9221805930137634,
                    -0.15042313933372498,
                    0.35630878806114197,
                    1.4363266229629517
                ],
                [
                    1.4901161193847656e-08,
                    0.9212666153907776,
                    0.3889317512512207,
                    1.5678340196609497
                ],
                [
                    0.0,
                    0.0,
                    0.0,
                    1.0
                ]
            ]
        },
        {
            "file_path": "./train/r_37",
            "rotation": 0.031415926535897934,
            "transform_matrix": [
                [
                    0.7530746459960938,
                    -0.388510525226593,
                    0.5309784412384033,
                    2.1404426097869873
                ],
                [
                    0.6579350233078003,
                    0.444690465927124,
                    -0.6077597141265869,
                    -2.4499576091766357
                ],
                [
                    0.0,
                    0.8070377707481384,
                    0.590499758720398,
                    2.380380630493164
                ],
                [
                    0.0,
                    0.0,
                    0.0,
                    1.0
                ]
            ]
        },
        {
            "file_path": "./train/r_38",
            "rotation": 0.031415926535897934,
            "transform_matrix": [
                [
                    -0.12777255475521088,
                    -0.8286013603210449,
                    0.5450632572174072,
                    2.1972203254699707
                ],
                [
                    0.9918034672737122,
                    -0.10674747824668884,
                    0.07021968811750412,
                    0.283064603805542
                ],
                [
                    0.0,
                    0.5495678782463074,
                    0.8354490995407104,
                    3.3678030967712402
                ],
                [
                    0.0,
                    0.0,
                    0.0,
                    1.0
                ]
            ]
        },
        {
            "file_path": "./train/r_39",
            "rotation": 0.031415926535897934,
            "transform_matrix": [
                [
                    0.4298381805419922,
                    -0.756851077079773,
                    0.4923572540283203,
                    1.984755516052246
                ],
                [
                    0.902906060218811,
                    0.36030709743499756,
                    -0.2343919724225998,
                    -0.9448642730712891
                ],
                [
                    0.0,
                    0.5453028678894043,
                    0.8382390737533569,
                    3.379049777984619
                ],
                [
                    0.0,
                    0.0,
                    0.0,
                    1.0
                ]
            ]
        },
        {
            "file_path": "./train/r_40",
            "rotation": 0.031415926535897934,
            "transform_matrix": [
                [
                    -0.9977744221687317,
                    -0.028008973225951195,
                    0.06051251292228699,
                    0.24393373727798462
                ],
                [
                    0.06668033450841904,
                    -0.4191136062145233,
                    0.9054818749427795,
                    3.6501142978668213
                ],
                [
                    0.0,
                    0.9075016379356384,
                    0.42004844546318054,
                    1.6932694911956787
                ],
                [
                    0.0,
                    0.0,
                    0.0,
                    1.0
                ]
            ]
        },
        {
            "file_path": "./train/r_41",
            "rotation": 0.031415926535897934,
            "transform_matrix": [
                [
                    -0.1627511978149414,
                    -0.27722686529159546,
                    0.9469200968742371,
                    3.8171560764312744
                ],
                [
                    0.9866671562194824,
                    -0.04572869837284088,
                    0.15619489550590515,
                    0.6296416521072388
                ],
                [
                    0.0,
                    0.9597156047821045,
                    0.2809731066226959,
                    1.1326385736465454
                ],
                [
                    0.0,
                    0.0,
                    0.0,
                    1.0
                ]
            ]
        },
        {
            "file_path": "./train/r_42",
            "rotation": 0.031415926535897934,
            "transform_matrix": [
                [
                    0.3889032006263733,
                    0.37660500407218933,
                    -0.8407871127128601,
                    -3.3893213272094727
                ],
                [
                    -0.921278715133667,
                    0.15897782146930695,
                    -0.35492491722106934,
                    -1.4307481050491333
                ],
                [
                    0.0,
                    0.9126306772232056,
                    0.4087850749492645,
                    1.6478652954101562
                ],
                [
                    0.0,
                    0.0,
                    0.0,
                    1.0
                ]
            ]
        },
        {
            "file_path": "./train/r_43",
            "rotation": 0.031415926535897934,
            "transform_matrix": [
                [
                    0.6995148062705994,
                    -0.4176754057407379,
                    0.5798501968383789,
                    2.337451219558716
                ],
                [
                    0.7146182060241699,
                    0.4088478684425354,
                    -0.5675951242446899,
                    -2.2880494594573975
                ],
                [
                    0.0,
                    0.8114127516746521,
                    0.5844734907150269,
                    2.356088161468506
                ],
                [
                    0.0,
                    0.0,
                    0.0,
                    1.0
                ]
            ]
        },
        {
            "file_path": "./train/r_44",
            "rotation": 0.031415926535897934,
            "transform_matrix": [
                [
                    0.2642134726047516,
                    -0.2628519535064697,
                    0.9279547929763794,
                    3.7407054901123047
                ],
                [
                    0.9644642472267151,
                    0.07200787961483002,
                    -0.25421175360679626,
                    -1.024760365486145
                ],
                [
                    0.0,
                    0.9621453881263733,
                    0.2725367248058319,
                    1.098630666732788
                ],
                [
                    0.0,
                    0.0,
                    0.0,
                    1.0
                ]
            ]
        },
        {
            "file_path": "./train/r_45",
            "rotation": 0.031415926535897934,
            "transform_matrix": [
                [
                    0.8550583124160767,
                    0.1079186201095581,
                    -0.5071773529052734,
                    -2.04449725151062
                ],
                [
                    -0.518531858921051,
                    0.1779576539993286,
                    -0.836334764957428,
                    -3.371373176574707
                ],
                [
