{
    "camera_angle_x": 0.6911112070083618,
    "frames": [
        {
            "file_path": "./train/r_0",
            "rotation": 0.031415926535897934,
            "transform_matrix": [
                [
                    0.9957854747772217,
                    0.08328130841255188,
                    -0.03841226175427437,
                    -0.15484479069709778
                ],
                [
                    -0.09171302616596222,
                    0.9042370915412903,
                    -0.41706588864326477,
                    -1.6812465190887451
                ],
                [
                    0.0,
                    0.4188309907913208,
                    0.908064067363739,
                    3.6605236530303955
                ],
                [
                    0.0,
                    0.0,
                    0.0,
                    1.0
                ]
            ]
        },
        {
            "file_path": "./train/r_1",
            "rotation": 0.031415926535897934,
            "transform_matrix": [
                [
                    0.9993934631347656,
                    0.02657003328204155,
                    -0.022514168173074722,
                    -0.09075751155614853
                ],
                [
                    -0.03482606261968613,
                    0.7624725699424744,
                    -0.6460825800895691,
                    -2.6044421195983887
                ],
                [
                    0.0,
                    0.6464747190475464,
                    0.7629354000091553,
                    3.075490951538086
                ],
                [
                    0.0,
                    0.0,
                    0.0,
                    1.0
                ]
            ]
        },
        {
            "file_path": "./train/r_2",
            "rotation": 0.031415926535897934,
            "transform_matrix": [
                [
                    0.49747711420059204,
                    -0.23249854147434235,
                    0.8357397317886353,
                    3.3689746856689453
                ],
                [
                    0.8674771189689636,
                    0.1333322823047638,
                    -0.47927650809288025,
                    -1.93202543258667
                ],
                [
                    0.0,
                    0.963414192199707,
                    0.26801690459251404,
                    1.0804107189178467
                ],
                [
                    0.0,
                    0.0,
                    0.0,
                    1.0
                ]
            ]
        },
        {
            "file_path": "./train/r_3",
            "rotation": 0.031415926535897934,
            "transform_matrix": [
                [
                    0.9986300468444824,
                    -0.020653774961829185,
                    0.04807785525918007,
                    0.19380803406238556
                ],
                [
                    0.05232646316289902,
                    0.3941692113876343,
                    -0.9175470471382141,
                    -3.6987504959106445
                ],
                [
                    0.0,
                    0.9188057780265808,
                    0.394709974527359,
                    1.591126799583435
                ],
                [
                    0.0,
                    0.0,
                    0.0,
                    1.0
                ]
            ]
        },
        {
            "file_path": "./train/r_4",
            "rotation": 0.031415926535897934,
            "transform_matrix": [
                [
                    0.2481343299150467,
                    -0.39630088210105896,
                    0.8839541077613831,
                    3.563333034515381
                ],
                [
                    0.9687256813049316,
                    0.10151052474975586,
                    -0.22642050683498383,
                    -0.9127302765846252
                ],
                [
                    0.0,
                    0.9124916791915894,
                    0.4090951085090637,
                    1.6491150856018066
                ],
                [
                    0.0,
                    0.0,
                    0.0,
                    1.0
                ]
            ]
        },
        {
            "file_path": "./train/r_5",
            "rotation": 0.031415926535897934,
            "transform_matrix": [
                [
                    -0.33043143153190613,
                    -0.5970081090927124,
                    0.7310241460800171,
                    2.946852684020996
                ],
                [
                    0.943830132484436,
                    -0.2090103179216385,
                    0.25592881441116333,
                    1.031682014465332
                ],
                [
                    1.4901164746561335e-08,
                    0.7745294570922852,
                    0.6325377821922302,
                    2.5498414039611816
                ],
                [
                    0.0,
                    0.0,
                    0.0,
                    1.0
                ]
            ]
        },
        {
            "file_path": "./train/r_6",
            "rotation": 0.031415926535897934,
            "transform_matrix": [
                [
                    -0.45767393708229065,
                    0.11704099178314209,
                    -0.881382942199707,
                    -3.5529685020446777
                ],
                [
                    -0.8891202211380005,
                    -0.06024675816297531,
                    0.45369118452072144,
                    1.8288878202438354
                ],
                [
                    3.725290742551124e-09,
                    0.9912979006767273,
                    0.1316368579864502,
                    0.5306451916694641
                ],
                [
                    0.0,
                    0.0,
                    0.0,
                    1.0
                ]
            ]
        },
        {
            "file_path": "./train/r_7",
            "rotation": 0.031415926535897934,
            "transform_matrix": [
                [
                    0.2734341621398926,
                    0.4735259413719177,
                    -0.8372615575790405,
                    -3.3751091957092285
                ],
                [
                    -0.9618907570838928,
                    0.13460798561573029,
                    -0.23800617456436157,
                    -0.9594335556030273
                ],
                [
                    0.0,
                    0.8704330325126648,
                    0.49228668212890625,
                    1.984471082687378
                ],
                [
                    0.0,
                    0.0,
                    0.0,
                    1.0
                ]
            ]
        },
        {
            "file_path": "./train/r_8",
            "rotation": 0.031415926535897934,
            "transform_matrix": [
                [
                    0.16496267914772034,
                    0.7145068049430847,
                    -0.6799024343490601,
                    -2.740774393081665
                ],
                [
                    -0.9862998127937317,
                    0.1195041835308075,
                    -0.11371645331382751,
                    -0.45840567350387573
                ],
                [
                    0.0,
                    0.6893466114997864,
                    0.7244316935539246,
                    2.9202775955200195
                ],
                [
                    0.0,
                    0.0,
                    0.0,
                    1.0
                ]
            ]
        },
        {
            "file_path": "./train/r_9",
            "rotation": 0.031415926535897934,
            "transform_matrix": [
                [
                    0.989777147769928,
                    0.043377913534641266,
                    -0.13586577773094177,
                    -0.5476925373077393
                ],
                [
                    -0.14262241125106812,
                    0.30103591084480286,
                    -0.9428871273994446,
                    -3.8008997440338135
                ],
                [
                    3.725290076417309e-09,
                    0.9526257514953613,
                    0.30414506793022156,
                    1.2260481119155884
                ],
                [
                    0.0,
                    0.0,
                    0.0,
                    1.0
                ]
            ]
        },
        {
            "file_path": "./train/r_10",
            "rotation": 0.031415926535897934,
            "transform_matrix": [
                [
                    0.794503390789032,
                    0.38220086693763733,
                    -0.4718969166278839,
                    -1.9022774696350098
                ],
                [
                    -0.6072595715522766,
                    0.5000495314598083,
                    -0.6174026727676392,
                    -2.488830089569092
                ],
                [
                    -1.4901160305669237e-08,
                    0.7770925164222717,
                    0.6293862462043762,
                    2.537137269973755
                ],
                [
                    0.0,
                    0.0,
                    0.0,
                    1.0
                ]
            ]
        },
        {
            "file_path": "./train/r_11",
            "rotation": 0.031415926535897934,
            "transform_matrix": [
                [
                    0.8618943095207214,
                    -0.3565838932991028,
                    0.36053577065467834,
                    1.4533662796020508
                ],
                [
                    0.5070879459381104,
                    0.6060834527015686,
                    -0.6128004193305969,
                    -2.470277786254883
                ],
                [
                    0.0,
                    0.7109925746917725,
                    0.7031993865966797,
                    2.8346877098083496
                ],
                [
                    0.0,
                    0.0,
                    0.0,
                    1.0
                ]
            ]
        },
        {
            "file_path": "./train/r_12",
            "rotation": 0.031415926535897934,
            "transform_matrix": [
                [
                    0.9201468825340271,
                    -0.3307478725910187,
                    0.20960818231105804,
                    0.844957709312439
                ],
                [
                    0.3915734589099884,
                    0.7772146463394165,
                    -0.4925520718097687,
                    -1.9855411052703857
                ],
                [
                    0.0,
                    0.5352972745895386,
                    0.8446636199951172,
                    3.4049484729766846
                ],
                [
                    0.0,
                    0.0,
                    0.0,
                    1.0
                ]
            ]
        },
        {
            "file_path": "./train/r_13",
            "rotation": 0.031415926535897934,
            "transform_matrix": [
                [
                    0.0607449933886528,
                    -0.4208604693412781,
                    0.905089259147644,
                    3.648531436920166
                ],
                [
                    0.9981532692909241,
                    0.025612467899918556,
                    -0.05508136376738548,
                    -0.2220400869846344
                ],
                [
                    0.0,
                    0.9067637920379639,
                    0.421639084815979,
                    1.6996815204620361
                ],
                [
                    0.0,
                    0.0,
                    0.0,
                    1.0
                ]
            ]
        },
        {
            "file_path": "./train/r_14",
            "rotation": 0.031415926535897934,
            "transform_matrix": [
                [
                    0.9797576665878296,
                    0.1913086473941803,
                    -0.058958400040864944,
                    -0.23766891658306122
                ],
                [
                    -0.20018766820430756,
                    0.9363020658493042,
                    -0.28855395317077637,
                    -1.1631982326507568
                ],
                [
                    3.725290742551124e-09,
                    0.2945156395435333,
                    0.9556466341018677,
                    3.85233473777771
                ],
                [
                    0.0,
                    0.0,
                    0.0,
                    1.0
                ]
            ]
        },
        {
            "file_path": "./train/r_15",
            "rotation": 0.031415926535897934,
            "transform_matrix": [
                [
                    -0.7293230295181274,
                    -0.4195192754268646,
                    0.5404549241065979,
                    2.1786437034606934
                ],
                [
                    0.684169590473175,
                    -0.44720643758773804,
                    0.5761235356330872,
                    2.3224284648895264
                ],
                [
                    -1.4901162970204496e-08,
                    0.7899429202079773,
                    0.6131801605224609,
                    2.471808433532715
                ],
                [
                    0.0,
                    0.0,
                    0.0,
                    1.0
                ]
            ]
        },
        {
            "file_path": "./train/r_16",
            "rotation": 0.031415926535897934,
            "transform_matrix": [
                [
                    -0.41312849521636963,
                    0.377780944108963,
                    -0.8286170363426208,
                    -3.3402624130249023
                ],
                [
                    -0.9106727838516235,
                    -0.17138107120990753,
                    0.37590375542640686,
                    1.5153166055679321
                ],
                [
                    0.0,
                    0.9098955988883972,
                    0.41483718156814575,
                    1.6722623109817505
                ],
                [
                    0.0,
                    0.0,
                    0.0,
                    1.0
                ]
            ]
        },
        {
            "file_path": "./train/r_17",
            "rotation": 0.031415926535897934,
            "transform_matrix": [
                [
                    -0.8075947761535645,
                    -0.2672116756439209,
                    0.525726854801178,
                    2.1192727088928223
                ],
                [
                    0.5897379517555237,
                    -0.36592310667037964,
                    0.7199370861053467,
                    2.9021592140197754
                ],
                [
                    0.0,
                    0.8914583325386047,
                    0.4531024694442749,
                    1.826514482498169
                ],
                [
                    0.0,
                    0.0,
                    0.0,
                    1.0
                ]
            ]
        },
        {
            "file_path": "./train/r_18",
            "rotation": 0.031415926535897934,
            "transform_matrix": [
                [
                    -0.8464961051940918,
                    -0.39760997891426086,
                    0.35404911637306213,
                    1.4272176027297974
                ],
                [
                    0.53239506483078,
                    -0.6321908235549927,
                    0.5629300475120544,
                    2.2692437171936035
                ],
                [
                    0.0,
                    0.665012001991272,
                    0.7468326091766357,
                    3.0105786323547363
                ],
                [
                    0.0,
                    0.0,
                    0.0,
                    1.0
                ]
            ]
        },
        {
            "file_path": "./train/r_19",
            "rotation": 0.031415926535897934,
            "transform_matrix": [
                [
                    0.23230302333831787,
                    0.8322024345397949,
                    -0.5034624934196472,
                    -2.029522180557251
                ],
                [
                    -0.9726434946060181,
                    0.198760524392128,
                    -0.12024533748626709,
                    -0.4847244620323181
                ],
                [
                    7.450580596923828e-09,
                    0.5176228880882263,
                    0.8556088805198669,
                    3.4490697383880615
                ],
                [
                    0.0,
                    0.0,
                    0.0,
                    1.0
                ]
            ]
        },
        {
            "file_path": "./train/r_20",
            "rotation": 0.031415926535897934,
            "transform_matrix": [
                [
                    -0.6643478870391846,
                    0.32933077216148376,
                    -0.6709568500518799,
                    -2.7047135829925537
                ],
                [
                    -0.7474234700202942,
                    -0.29272589087486267,
                    0.5963804721832275,
                    2.4040865898132324
                ],
                [
                    -1.4901161193847656e-08,
                    0.8976929783821106,
                    0.44062143564224243,
                    1.776201844215393
                ],
                [
                    0.0,
                    0.0,
                    0.0,
                    1.0
                ]
            ]
        },
        {
            "file_path": "./train/r_21",
            "rotation": 0.031415926535897934,
            "transform_matrix": [
                [
                    -0.081290103495121,
                    -0.16781382262706757,
                    0.9824615120887756,
                    3.960428476333618
                ],
                [
                    0.9966904520988464,
                    -0.01368690188974142,
                    0.08012959361076355,
                    0.32301267981529236
                ],
                [
                    9.313224080820248e-10,
                    0.9857237339019775,
                    0.1683710813522339,
                    0.6787254810333252
                ],
                [
                    0.0,
                    0.0,
                    0.0,
                    1.0
                ]
            ]
        },
        {
            "file_path": "./train/r_22",
            "rotation": 0.031415926535897934,
            "transform_matrix": [
                [
                    0.8169289827346802,
                    0.22020840644836426,
                    -0.533043384552002,
                    -2.14876651763916
                ],
                [
                    -0.576738178730011,
                    0.31191733479499817,
                    -0.7550368309020996,
                    -3.0436508655548096
                ],
                [
                    1.4901159417490817e-08,
                    0.9242380261421204,
                    0.38181689381599426,
                    1.5391530990600586
                ],
                [
                    0.0,
                    0.0,
                    0.0,
                    1.0
                ]
            ]
        },
        {
            "file_path": "./train/r_23",
            "rotation": 0.031415926535897934,
            "transform_matrix": [
                [
                    0.9992117881774902,
                    -0.02859526500105858,
                    0.027534520253539085,
                    0.11099520325660706
                ],
                [
                    0.039696838706731796,
                    0.7197732925415039,
                    -0.6930732131004333,
                    -2.793867588043213
                ],
                [
                    0.0,
                    0.6936199069023132,
                    0.7203410863876343,
                    2.903787851333618
                ],
                [
                    0.0,
                    0.0,
                    0.0,
                    1.0
                ]
            ]
        },
        {
            "file_path": "./train/r_24",
            "rotation": 0.031415926535897934,
            "transform_matrix": [
                [
                    0.14940007030963898,
                    0.45251354575157166,
                    -0.8791535496711731,
                    -3.5439815521240234
                ],
                [
                    -0.9887768626213074,
                    0.06837292015552521,
                    -0.1328364461660385,
                    -0.5354809165000916
                ],
                [
                    3.725290298461914e-09,
                    0.8891324996948242,
                    0.457649827003479,
                    1.8448455333709717
                ],
                [
                    0.0,
                    0.0,
                    0.0,
                    1.0
                ]
            ]
        },
        {
            "file_path": "./train/r_25",
            "rotation": 0.031415926535897934,
            "transform_matrix": [
                [
                    -0.3551074266433716,
                    -0.903821587562561,
                    0.23875750601291656,
                    0.962462306022644
                ],
                [
                    0.9348255395889282,
                    -0.34333014488220215,
                    0.09069561213254929,
                    0.3656057119369507
                ],
                [
                    0.0,
                    0.2554032802581787,
                    0.9668346047401428,
                    3.897434949874878
                ],
                [
                    0.0,
                    0.0,
                    0.0,
                    1.0
                ]
            ]
        },
        {
            "file_path": "./train/r_26",
            "rotation": 0.031415926535897934,
            "transform_matrix": [
                [
                    0.411480575799942,
                    -0.44358527660369873,
                    0.7961881756782532,
                    3.2095375061035156
                ],
                [
                    0.9114184975624084,
                    0.20026665925979614,
                    -0.35945725440979004,
                    -1.4490187168121338
                ],
                [
                    0.0,
                    0.873570442199707,
                    0.48669764399528503,
                    1.961941123008728
                ],
                [
                    0.0,
                    0.0,
                    0.0,
                    1.0
                ]
            ]
        },
        {
            "file_path": "./train/r_27",
            "rotation": 0.031415926535897934,
            "transform_matrix": [
                [
                    -0.7754569053649902,
                    -0.44661909341812134,
                    0.4463161826133728,
                    1.7991580963134766
                ],
                [
                    0.6314005851745605,
                    -0.5485168099403381,
                    0.5481447577476501,
                    2.209642171859741
                ],
                [
                    1.4901161193847656e-08,
                    0.7068669199943542,
                    0.7073465585708618,
                    2.851405143737793
                ],
                [
                    0.0,
                    0.0,
                    0.0,
                    1.0
                ]
            ]
        },
        {
            "file_path": "./train/r_28",
            "rotation": 0.031415926535897934,
            "transform_matrix": [
                [
                    0.9968277812004089,
                    -0.07442205399274826,
                    0.028208278119564056,
                    0.11371120810508728
                ],
                [
                    0.0795886367559433,
                    0.9321176409721375,
                    -0.35330161452293396,
                    -1.4242043495178223
                ],
                [
                    -1.862645371275562e-09,
                    0.3544260263442993,
                    0.9350840449333191,
                    3.769444465637207
                ],
                [
                    0.0,
                    0.0,
                    0.0,
                    1.0
                ]
            ]
        },
        {
            "file_path": "./train/r_29",
            "rotation": 0.031415926535897934,
            "transform_matrix": [
                [
                    -0.19054585695266724,
                    -0.7928161025047302,
                    0.578908383846283,
                    2.3336544036865234
                ],
                [
                    0.9816783666610718,
                    -0.15388727188110352,
                    0.11236733198165894,
                    0.45296719670295715
                ],
                [
                    0.0,
                    0.589712917804718,
                    0.807612955570221,
                    3.255591869354248
                ],
                [
                    0.0,
                    0.0,
                    0.0,
                    1.0
                ]
            ]
        },
        {
            "file_path": "./train/r_30",
            "rotation": 0.031415926535897934,
            "transform_matrix": [
                [
                    0.8921324014663696,
                    0.22605840861797333,
                    -0.3911489248275757,
                    -1.5767717361450195
                ],
                [
                    -0.4517742097377777,
                    0.44640448689460754,
                    -0.7724137902259827,
                    -3.1136996746063232
                ],
                [
                    0.0,
                    0.8658062815666199,
                    0.500379204750061,
                    2.0170931816101074
                ],
                [
                    0.0,
                    0.0,
                    0.0,
                    1.0
                ]
            ]
        },
        {
            "file_path": "./train/r_31",
            "rotation": 0.031415926535897934,
            "transform_matrix": [
                [
                    0.9967646598815918,
                    -0.0215110145509243,
                    0.07744401693344116,
                    0.3121868073940277
                ],
                [
                    0.08037598431110382,
                    0.26676395535469055,
                    -0.9604044556617737,
                    -3.871514081954956
                ],
                [
                    1.862645149230957e-09,
                    0.9635217785835266,
                    0.26762986183166504,
                    1.078850507736206
                ],
                [
                    0.0,
                    0.0,
                    0.0,
                    1.0
                ]
            ]
        },
        {
            "file_path": "./train/r_32",
            "rotation": 0.031415926535897934,
            "transform_matrix": [
                [
                    0.16265101730823517,
                    0.7675153017044067,
                    -0.6200522780418396,
                    -2.4995110034942627
                ],
                [
                    -0.98668372631073,
                    0.12652194499969482,
                    -0.10221324115991592,
                    -0.4120347797870636
                ],
                [
                    0.0,
                    0.6284205317497253,
                    0.777873694896698,
                    3.135709285736084
                ],
                [
                    0.0,
                    0.0,
                    0.0,
                    1.0
                ]
            ]
        },
        {
            "file_path": "./train/r_33",
            "rotation": 0.031415926535897934,
            "transform_matrix": [
                [
                    0.9755508899688721,
                    -0.15396837890148163,
                    0.15682576596736908,
                    0.6321848630905151
                ],
                [
                    0.21977394819259644,
                    0.6834476590156555,
                    -0.6961312890052795,
                    -2.806195020675659
                ],
                [
                    0.0,
                    0.7135776877403259,
                    0.7005761861801147,
                    2.824112892150879
                ],
                [
                    0.0,
                    0.0,
                    0.0,
                    1.0
                ]
            ]
        },
        {
            "file_path": "./train/r_34",
            "rotation": 0.031415926535897934,
            "transform_matrix": [
                [
                    -0.7478460073471069,
                    0.5727663636207581,
                    -0.3356560468673706,
                    -1.3530728816986084
                ],
                [
                    -0.6638721227645874,
                    -0.645216166973114,
                    0.3781135082244873,
                    1.5242244005203247
                ],
                [
                    -1.4901158529312397e-08,
                    0.5056033134460449,
                    0.8627659678459167,
                    3.4779210090637207
                ],
                [
                    0.0,
                    0.0,
                    0.0,
                    1.0
                ]
            ]
        },
        {
            "file_path": "./train/r_35",
            "rotation": 0.031415926535897934,
            "transform_matrix": [
                [
                    0.004812981467694044,
                    0.4711688756942749,
                    -0.8820298314094543,
                    -3.5555760860443115
                ],
                [
                    -0.9999884963035583,
                    0.00226775323972106,
                    -0.004245242103934288,
                    -0.01711311750113964
                ],
                [
                    0.0,
                    0.8820400238037109,
                    0.47117432951927185,
                    1.8993644714355469
                ],
                [
                    0.0,
                    0.0,
                    0.0,
                    1.0
                ]
            ]
        },
        {
            "file_path": "./train/r_36",
            "rotation": 0.031415926535897934,
            "transform_matrix": [
                [
                    0.3425559103488922,
                    0.23939573764801025,
                    -0.9084851145744324,
                    -3.6622202396392822
                ],
                [
                    -0.9394975304603577,
                    0.087287537753582,
                    -0.33124828338623047,
                    -1.3353043794631958
                ],
                [
                    0.0,
                    0.9669902920722961,
                    0.2548125982284546,
                    1.0271823406219482
                ],
                [
                    0.0,
                    0.0,
                    0.0,
                    1.0
                ]
            ]
        },
        {
            "file_path": "./train/r_37",
            "rotation": 0.031415926535897934,
            "transform_matrix": [
                [
                    0.9888869524002075,
                    -0.13862231373786926,
                    0.05372590199112892,
                    0.21657603979110718
                ],
                [
                    0.1486695110797882,
                    0.9220572710037231,
                    -0.3573620617389679,
                    -1.4405725002288818
                ],
                [
                    0.0,
                    0.36137810349464417,
                    0.9324193596839905,
                    3.7587027549743652
                ],
                [
                    0.0,
                    0.0,
                    0.0,
                    1.0
                ]
            ]
        },
        {
            "file_path": "./train/r_38",
            "rotation": 0.031415926535897934,
            "transform_matrix": [
                [
                    -0.47806084156036377,
                    -0.5610963702201843,
                    0.6757429838180542,
                    2.7240071296691895
                ],
                [
                    0.8783267736434937,
                    -0.30539682507514954,
                    0.3677973449230194,
                    1.4826384782791138
                ],
                [
                    1.4901162970204496e-08,
                    0.7693525552749634,
                    0.6388242840766907,
                    2.575183153152466
                ],
                [
                    0.0,
                    0.0,
                    0.0,
                    1.0
                ]
            ]
        },
        {
            "file_path": "./train/r_39",
            "rotation": 0.031415926535897934,
            "transform_matrix": [
                [
                    0.9483349919319153,
                    -0.3172028362751007,
                    0.0065796407870948315,
                    0.02652338147163391
                ],
                [
                    0.31727108359336853,
                    0.9481309652328491,
                    -0.01966678723692894,
                    -0.07927936315536499
                ],
                [
                    -4.656613428188905e-10,
                    0.020736942067742348,
                    0.9997848868370056,
                    4.030261993408203
                ],
                [
                    0.0,
                    0.0,
                    0.0,
                    1.0
                ]
            ]
        },
        {
            "file_path": "./train/r_40",
            "rotation": 0.031415926535897934,
            "transform_matrix": [
                [
                    -0.5311672687530518,
                    0.66141277551651,
                    -0.5295227766036987,
                    -2.1345746517181396
                ],
                [
                    -0.8472668528556824,
                    -0.41465190052986145,
                    0.3319675922393799,
                    1.3382041454315186
                ],
                [
                    -1.4901161193847656e-08,
                    0.6249775290489197,
                    0.7806426882743835,
                    3.146871328353882
                ],
                [
                    0.0,
                    0.0,
                    0.0,
                    1.0
                ]
            ]
        },
        {
            "file_path": "./train/r_41",
            "rotation": 0.031415926535897934,
            "transform_matrix": [
                [
                    0.28546401858329773,
                    0.5810006260871887,
                    -0.7621996998786926,
                    -3.0725255012512207
                ],
                [
                    -0.9583895206451416,
                    0.1730557084083557,
                    -0.2270272970199585,
                    -0.9151763916015625
                ],
                [
                    1.4901162970204496e-08,
                    0.7952922582626343,
                    0.6062260270118713,
                    2.4437754154205322
                ],
                [
                    0.0,
                    0.0,
                    0.0,
                    1.0
                ]
            ]
        },
        {
            "file_path": "./train/r_42",
            "rotation": 0.031415926535897934,
            "transform_matrix": [
                [
                    -0.6485888957977295,
                    -0.38895848393440247,
                    0.6542503833770752,
                    2.6373679637908936
                ],
                [
                    0.761138916015625,
                    -0.3314429819583893,
                    0.5575060248374939,
                    2.2473788261413574
                ],
                [
                    0.0,
                    0.8595677614212036,
                    0.5110216736793518,
                    2.0599944591522217
                ],
                [
                    0.0,
                    0.0,
                    0.0,
                    1.0
                ]
            ]
        },
        {
            "file_path": "./train/r_43",
            "rotation": 0.031415926535897934,
            "transform_matrix": [
                [
                    -0.37278857827186584,
                    -0.6837760806083679,
                    0.6272790431976318,
                    2.5286426544189453
                ],
                [
                    0.9279162883758545,
                    -0.274705708026886,
                    0.2520081400871277,
                    1.0158772468566895
                ],
                [
                    0.0,
                    0.6760081648826599,
                    0.7368940711021423,
                    2.970515012741089
                ],
                [
                    0.0,
                    0.0,
                    0.0,
                    1.0
                ]
            ]
        },
        {
            "file_path": "./train/r_44",
            "rotation": 0.031415926535897934,
            "transform_matrix": [
                [
                    0.9238923192024231,
                    -0.11692271381616592,
                    0.3643516004085541,
                    1.4687483310699463
                ],
                [
                    0.38265261054039,
                    0.2823030352592468,
                    -0.8797056078910828,
                    -3.5462067127227783
                ],
                [
                    7.450580596923828e-09,
                    0.9521733522415161,
                    0.30555838346481323,
                    1.2317452430725098
                ],
                [
                    0.0,
                    0.0,
                    0.0,
                    1.0
                ]
            ]
        },
        {
            "file_path": "./train/r_45",
            "rotation": 0.031415926535897934,
            "transform_matrix": [
                [
                    0.498058557510376,
                    -0.8439599275588989,
                    0.19917182624340057,
                    0.8028873205184937
                ],
                [
                    0.8671433925628662,
                    0.4847427308559418,
