{
    "camera_angle_x": 0.6911112070083618,
    "frames": [
        {
            "file_path": "./train/r_0",
            "rotation": 0.012566370614359171,
            "transform_matrix": [
                [
                    0.04481618106365204,
                    0.8477684259414673,
                    -0.5284696221351624,
                    -2.130329132080078
                ],
                [
                    -0.9989952445030212,
                    0.03803195804357529,
                    -0.023707810789346695,
                    -0.09556924551725388
                ],
                [
                    1.862645149230957e-09,
                    0.5290012955665588,
                    0.8486210703849792,
                    3.42090106010437
                ],
                [
                    0.0,
                    0.0,
                    0.0,
                    1.0
                ]
            ]
        },
        {
            "file_path": "./train/r_1",
            "rotation": 0.012566370614359171,
            "transform_matrix": [
                [
                    0.6438117623329163,
                    0.4787833094596863,
                    -0.5968860983848572,
                    -2.4061248302459717
                ],
                [
                    -0.7651840448379517,
                    0.40283945202827454,
                    -0.502208948135376,
                    -2.0244691371917725
                ],
                [
                    0.0,
                    0.7800557017326355,
                    0.6257100701332092,
                    2.522317886352539
                ],
                [
                    0.0,
                    0.0,
                    0.0,
                    1.0
                ]
            ]
        },
        {
            "file_path": "./train/r_2",
            "rotation": 0.012566370614359171,
            "transform_matrix": [
                [
                    -0.7296934723854065,
                    -0.4756309390068054,
                    0.4912460446357727,
                    1.980276107788086
                ],
                [
                    0.683774471282959,
                    -0.5075720548629761,
                    0.5242357850074768,
                    2.1132619380950928
                ],
                [
                    1.4901161193847656e-08,
                    0.7184329032897949,
                    0.6955962777137756,
                    2.8040382862091064
                ],
                [
                    0.0,
                    0.0,
                    0.0,
                    1.0
                ]
            ]
        },
        {
            "file_path": "./train/r_3",
            "rotation": 0.012566370614359171,
            "transform_matrix": [
                [
                    0.9805550575256348,
                    0.029752811416983604,
                    -0.19397562742233276,
                    -0.781940758228302
                ],
                [
                    -0.19624415040016174,
                    0.14866311848163605,
                    -0.9692201018333435,
                    -3.9070510864257812
                ],
                [
                    -1.8626449271863521e-09,
                    0.9884402751922607,
                    0.15161119401454926,
                    0.6111642718315125
                ],
                [
                    0.0,
                    0.0,
                    0.0,
                    1.0
                ]
            ]
        },
        {
            "file_path": "./train/r_4",
            "rotation": 0.012566370614359171,
            "transform_matrix": [
                [
                    0.32244572043418884,
                    0.4750140607357025,
                    -0.8187736868858337,
                    -3.3005824089050293
                ],
                [
                    -0.9465880393981934,
                    0.1618087738752365,
                    -0.27890706062316895,
                    -1.1243103742599487
                ],
                [
                    -1.4901162970204496e-08,
                    0.8649737238883972,
                    0.5018171668052673,
                    2.0228896141052246
                ],
                [
                    0.0,
                    0.0,
                    0.0,
                    1.0
                ]
            ]
        },
        {
            "file_path": "./train/r_5",
            "rotation": 0.012566370614359171,
            "transform_matrix": [
                [
                    -0.935665488243103,
                    0.20349588990211487,
                    -0.28830474615097046,
                    -1.1621936559677124
                ],
                [
                    -0.35288840532302856,
                    -0.5395588874816895,
                    0.7644252181053162,
                    3.0814967155456543
                ],
                [
                    0.0,
                    0.8169856667518616,
                    0.5766579508781433,
                    2.324582576751709
                ],
                [
                    0.0,
                    0.0,
                    0.0,
                    1.0
                ]
            ]
        },
        {
            "file_path": "./train/r_6",
            "rotation": 0.012566370614359171,
            "transform_matrix": [
                [
                    -0.3153614401817322,
                    -0.4436127245426178,
                    0.8389011025428772,
                    3.381718397140503
                ],
                [
                    0.948971688747406,
                    -0.1474209874868393,
                    0.2787828743457794,
                    1.1238096952438354
                ],
                [
                    0.0,
                    0.8840107917785645,
                    0.46746668219566345,
                    1.8844184875488281
                ],
                [
                    0.0,
                    0.0,
                    0.0,
                    1.0
                ]
            ]
        },
        {
            "file_path": "./train/r_7",
            "rotation": 0.012566370614359171,
            "transform_matrix": [
                [
                    0.16509321331977844,
                    -0.1571556031703949,
                    0.9736766815185547,
                    3.925016164779663
                ],
                [
                    0.9862779378890991,
                    0.026306303218007088,
                    -0.16298390924930573,
                    -0.6570091247558594
                ],
                [
                    0.0,
                    0.9872233867645264,
                    0.15934209525585175,
                    0.6423285007476807
                ],
                [
                    0.0,
                    0.0,
                    0.0,
                    1.0
                ]
            ]
        },
        {
            "file_path": "./train/r_8",
            "rotation": 0.012566370614359171,
            "transform_matrix": [
                [
                    -0.9996301531791687,
                    0.010138086974620819,
                    -0.0252346433699131,
                    -0.10172410309314728
                ],
                [
                    -0.027195001021027565,
                    -0.37265440821647644,
                    0.9275715947151184,
                    3.7391607761383057
                ],
                [
                    0.0,
                    0.9279148578643799,
                    0.3727923035621643,
                    1.5027738809585571
                ],
                [
                    0.0,
                    0.0,
                    0.0,
                    1.0
                ]
            ]
        },
        {
            "file_path": "./train/r_9",
            "rotation": 0.012566370614359171,
            "transform_matrix": [
                [
                    -0.8610999584197998,
                    -0.07029791921377182,
                    0.5035526752471924,
                    2.029885768890381
                ],
                [
                    0.5084360241889954,
                    -0.11905831843614578,
                    0.8528293967247009,
                    3.4378652572631836
                ],
                [
                    3.725290742551124e-09,
                    0.9903956055641174,
                    0.13826307654380798,
                    0.5573562979698181
                ],
                [
                    0.0,
                    0.0,
                    0.0,
                    1.0
                ]
            ]
        },
        {
            "file_path": "./train/r_10",
            "rotation": 0.012566370614359171,
            "transform_matrix": [
                [
                    0.2067965865135193,
                    -0.8114678859710693,
                    0.546584963798523,
                    2.2033541202545166
                ],
                [
                    0.9783840179443359,
                    0.1715162694454193,
                    -0.11552917957305908,
                    -0.4657129645347595
                ],
                [
                    7.450580596923828e-09,
                    0.5586609840393066,
                    0.8293961882591248,
                    3.343402624130249
                ],
                [
                    0.0,
                    0.0,
                    0.0,
                    1.0
                ]
            ]
        },
        {
            "file_path": "./train/r_11",
            "rotation": 0.012566370614359171,
            "transform_matrix": [
                [
                    0.6057458519935608,
                    -0.12169627845287323,
                    0.7862963676452637,
                    3.1696619987487793
                ],
                [
                    0.7956582307815552,
                    0.09264910221099854,
                    -0.5986185669898987,
                    -2.4131085872650146
                ],
                [
                    0.0,
                    0.9882338643074036,
                    0.1529504507780075,
                    0.6165629625320435
                ],
                [
                    0.0,
                    0.0,
                    0.0,
                    1.0
                ]
            ]
        },
        {
            "file_path": "./train/r_12",
            "rotation": 0.012566370614359171,
            "transform_matrix": [
                [
                    -0.9079912900924683,
                    0.14740027487277985,
                    -0.39220523834228516,
                    -1.5810298919677734
                ],
                [
                    -0.41898906230926514,
                    -0.31943121552467346,
                    0.8499481081962585,
                    3.426250457763672
                ],
                [
                    -1.4901162970204496e-08,
                    0.9360751509666443,
                    0.351799875497818,
                    1.4181506633758545
                ],
                [
                    0.0,
                    0.0,
                    0.0,
                    1.0
                ]
            ]
        },
        {
            "file_path": "./train/r_13",
            "rotation": 0.012566370614359171,
            "transform_matrix": [
                [
                    0.4869268238544464,
                    -0.41725897789001465,
                    0.7673312425613403,
                    3.0932111740112305
                ],
                [
                    0.8734428286552429,
                    0.23261350393295288,
                    -0.42777174711227417,
                    -1.7244030237197876
                ],
                [
                    0.0,
                    0.8785133957862854,
                    0.4777176082134247,
                    1.9257413148880005
                ],
                [
                    0.0,
                    0.0,
                    0.0,
                    1.0
                ]
            ]
        },
        {
            "file_path": "./train/r_14",
            "rotation": 0.012566370614359171,
            "transform_matrix": [
                [
                    0.9990904331207275,
                    0.022823212668299675,
                    -0.03602166846394539,
                    -0.14520800113677979
                ],
                [
                    -0.04264340549707413,
                    0.5347239971160889,
                    -0.8439500331878662,
                    -3.402071714401245
                ],
                [
                    0.0,
                    0.8447185158729553,
                    0.5352107286453247,
                    2.157503604888916
                ],
                [
                    0.0,
                    0.0,
                    0.0,
                    1.0
                ]
            ]
        },
        {
            "file_path": "./train/r_15",
            "rotation": 0.012566370614359171,
            "transform_matrix": [
                [
                    0.7449994087219238,
                    -0.14275749027729034,
                    0.6516104340553284,
                    2.626725673675537
                ],
                [
                    0.6670651435852051,
                    0.15943607687950134,
                    -0.727739155292511,
                    -2.933610439300537
                ],
                [
                    7.450580596923828e-09,
                    0.97683185338974,
                    0.21400831639766693,
                    0.8626950979232788
                ],
                [
                    0.0,
                    0.0,
                    0.0,
                    1.0
                ]
            ]
        },
        {
            "file_path": "./train/r_16",
            "rotation": 0.012566370614359171,
            "transform_matrix": [
                [
                    0.035416871309280396,
                    0.5874571800231934,
                    -0.808479905128479,
                    -3.2590863704681396
                ],
                [
                    -0.999372661113739,
                    0.020818954333662987,
                    -0.028651801869273186,
                    -0.1154990941286087
                ],
                [
                    -1.862645149230957e-09,
                    0.8089873790740967,
                    0.5878260135650635,
                    2.3696022033691406
                ],
                [
                    0.0,
                    0.0,
                    0.0,
                    1.0
                ]
            ]
        },
        {
            "file_path": "./train/r_17",
            "rotation": 0.012566370614359171,
            "transform_matrix": [
                [
                    0.1802707314491272,
                    0.24970655143260956,
                    -0.9513932466506958,
                    -3.835188627243042
                ],
                [
                    -0.9836169481277466,
                    0.04576454684138298,
                    -0.17436499893665314,
                    -0.702887773513794
                ],
                [
                    -3.7252891882388894e-09,
                    0.9672396183013916,
                    0.2538655698299408,
                    1.0233649015426636
                ],
                [
                    0.0,
                    0.0,
                    0.0,
                    1.0
                ]
            ]
        },
        {
            "file_path": "./train/r_18",
            "rotation": 0.012566370614359171,
            "transform_matrix": [
                [
                    -0.6202996969223022,
                    0.4240083694458008,
                    -0.659882664680481,
                    -2.6600723266601562
                ],
                [
                    -0.7843649983406067,
                    -0.3353187143802643,
                    0.5218552947044373,
                    2.103666305541992
                ],
                [
                    1.4901162970204496e-08,
                    0.841295599937439,
                    0.5405752658843994,
                    2.179128885269165
                ],
                [
                    0.0,
                    0.0,
                    0.0,
                    1.0
                ]
            ]
        },
        {
            "file_path": "./train/r_19",
            "rotation": 0.012566370614359171,
            "transform_matrix": [
                [
                    0.6780766248703003,
                    -0.1334574669599533,
                    0.7227732539176941,
                    2.9135918617248535
                ],
                [
                    0.7349911332130432,
                    0.12312309443950653,
                    -0.666804850101471,
                    -2.687976121902466
                ],
                [
                    7.450580152834618e-09,
                    0.983376681804657,
                    0.1815769523382187,
                    0.7319599986076355
                ],
                [
                    0.0,
                    0.0,
                    0.0,
                    1.0
                ]
            ]
        },
        {
            "file_path": "./train/r_20",
            "rotation": 0.012566370614359171,
            "transform_matrix": [
                [
                    -0.2529982328414917,
                    0.9646188616752625,
                    -0.0741785392165184,
                    -0.29902327060699463
                ],
                [
                    -0.9674668312072754,
                    -0.2522534728050232,
                    0.019398123025894165,
                    0.07819633185863495
                ],
                [
                    1.862645371275562e-09,
                    0.0766730085015297,
                    0.997056245803833,
                    4.019262313842773
                ],
                [
                    0.0,
                    0.0,
                    0.0,
                    1.0
                ]
            ]
        },
        {
            "file_path": "./train/r_21",
            "rotation": 0.012566370614359171,
            "transform_matrix": [
                [
                    0.8054633140563965,
                    0.36598822474479675,
                    -0.46613457798957825,
                    -1.8790485858917236
                ],
                [
                    -0.5926455855369568,
                    0.4974137544631958,
                    -0.6335225105285645,
                    -2.5538108348846436
                ],
                [
                    -2.9802322387695312e-08,
                    0.7865317463874817,
                    0.6175498366355896,
                    2.4894230365753174
                ],
                [
                    0.0,
                    0.0,
                    0.0,
                    1.0
                ]
            ]
        },
        {
            "file_path": "./train/r_22",
            "rotation": 0.012566370614359171,
            "transform_matrix": [
                [
                    0.72452312707901,
                    -0.2787509560585022,
                    0.630368173122406,
                    2.541095495223999
                ],
                [
                    0.6892504096031189,
                    0.2930161654949188,
                    -0.6626275777816772,
                    -2.6711370944976807
                ],
                [
                    1.4901161193847656e-08,
                    0.9145706295967102,
                    0.4044261872768402,
                    1.6302940845489502
                ],
                [
                    0.0,
                    0.0,
                    0.0,
                    1.0
                ]
            ]
        },
        {
            "file_path": "./train/r_23",
            "rotation": 0.012566370614359171,
            "transform_matrix": [
                [
                    0.30427515506744385,
                    -0.8910837173461914,
                    0.33672893047332764,
                    1.3573977947235107
                ],
                [
                    0.9525842070579529,
                    0.2846306264400482,
                    -0.10755820572376251,
                    -0.43358099460601807
                ],
                [
                    0.0,
                    0.35348987579345703,
                    0.935438334941864,
                    3.7708725929260254
                ],
                [
                    0.0,
                    0.0,
                    0.0,
                    1.0
                ]
            ]
        },
        {
            "file_path": "./train/r_24",
            "rotation": 0.012566370614359171,
            "transform_matrix": [
                [
                    0.9580603241920471,
                    0.06873498111963272,
                    -0.27820122241973877,
                    -1.1214649677276611
                ],
                [
                    -0.2865666151046753,
                    0.2297973930835724,
                    -0.9300928711891174,
                    -3.749324321746826
                ],
                [
                    0.0,
                    0.9708082675933838,
                    0.23985688388347626,
                    0.9668940305709839
                ],
                [
                    0.0,
                    0.0,
                    0.0,
                    1.0
                ]
            ]
        },
        {
            "file_path": "./train/r_25",
            "rotation": 0.012566370614359171,
            "transform_matrix": [
                [
                    0.4306943118572235,
                    -0.49166256189346313,
                    0.7568159103393555,
                    3.0508224964141846
                ],
                [
                    0.9024978876113892,
                    0.23463352024555206,
                    -0.36117124557495117,
                    -1.455927848815918
                ],
                [
                    0.0,
                    0.8385791182518005,
                    0.5447797775268555,
                    2.196077585220337
                ],
                [
                    0.0,
                    0.0,
                    0.0,
                    1.0
                ]
            ]
        },
        {
            "file_path": "./train/r_26",
            "rotation": 0.012566370614359171,
            "transform_matrix": [
                [
                    0.9063119292259216,
                    0.27737221121788025,
                    -0.31884700059890747,
                    -1.285313367843628
                ],
                [
                    -0.42260947823524475,
                    0.5948416590690613,
                    -0.683786928653717,
                    -2.7564332485198975
                ],
                [
                    -1.4901161193847656e-08,
                    0.754472017288208,
                    0.6563321948051453,
                    2.6457598209381104
                ],
                [
                    0.0,
                    0.0,
                    0.0,
                    1.0
                ]
            ]
        },
        {
            "file_path": "./train/r_27",
            "rotation": 0.012566370614359171,
            "transform_matrix": [
                [
                    0.9135011434555054,
                    0.11759698390960693,
                    -0.38946959376335144,
                    -1.5700021982192993
                ],
                [
                    -0.4068360924720764,
                    0.264049768447876,
                    -0.8745067715644836,
                    -3.525249481201172
                ],
                [
                    0.0,
                    0.9573131799697876,
                    0.28905248641967773,
                    1.165207862854004
                ],
                [
                    0.0,
                    0.0,
                    0.0,
                    1.0
                ]
            ]
        },
        {
            "file_path": "./train/r_28",
            "rotation": 0.012566370614359171,
            "transform_matrix": [
                [
                    -0.9146922826766968,
                    0.38693156838417053,
                    -0.11671342700719833,
                    -0.4704868793487549
                ],
                [
                    -0.4041510820388794,
                    -0.8757203817367554,
                    0.2641509175300598,
                    1.0648263692855835
                ],
                [
                    7.450580596923828e-09,
                    0.28878673911094666,
                    0.9573935270309448,
                    3.8593766689300537
                ],
                [
                    0.0,
                    0.0,
                    0.0,
                    1.0
                ]
            ]
        },
        {
            "file_path": "./train/r_29",
            "rotation": 0.012566370614359171,
            "transform_matrix": [
                [
                    -0.5631410479545593,
                    0.16979670524597168,
                    -0.8087281584739685,
                    -3.260087490081787
                ],
                [
                    -0.8263608813285828,
                    -0.11571154743432999,
                    0.5511248707771301,
                    2.2216553688049316
                ],
                [
                    0.0,
                    0.9786622524261475,
                    0.20547527074813843,
                    0.8282973170280457
                ],
                [
                    0.0,
                    0.0,
                    0.0,
                    1.0
                ]
            ]
        },
        {
            "file_path": "./train/r_30",
            "rotation": 0.012566370614359171,
            "transform_matrix": [
                [
                    -0.9118253588676453,
                    -0.20309005677700043,
                    0.35683199763298035,
                    1.4384357929229736
                ],
                [
                    0.4105784296989441,
                    -0.4510287046432495,
                    0.7924635410308838,
                    3.1945226192474365
                ],
                [
                    0.0,
                    0.8690958619117737,
                    0.49464380741119385,
                    1.9939730167388916
                ],
                [
                    0.0,
                    0.0,
                    0.0,
                    1.0
                ]
            ]
        },
        {
            "file_path": "./train/r_31",
            "rotation": 0.012566370614359171,
            "transform_matrix": [
                [
                    0.7540778517723083,
                    -0.17275643348693848,
                    0.6336574554443359,
                    2.5543549060821533
                ],
                [
                    0.6567850112915039,
                    0.19834771752357483,
                    -0.7275242805480957,
                    -2.932744264602661
                ],
                [
                    0.0,
                    0.9647866487503052,
                    0.2630334496498108,
                    1.0603218078613281
                ],
                [
                    0.0,
                    0.0,
                    0.0,
                    1.0
                ]
            ]
        },
        {
            "file_path": "./train/r_32",
            "rotation": 0.012566370614359171,
            "transform_matrix": [
                [
                    0.7289453148841858,
                    0.6672883629798889,
                    -0.15285584330558777,
                    -0.6161816716194153
                ],
                [
                    -0.6845719814300537,
                    0.7105414271354675,
                    -0.1627638190984726,
                    -0.6561220288276672
                ],
                [
                    7.450581485102248e-09,
                    0.22328665852546692,
                    0.9747527241706848,
                    3.929354190826416
                ],
                [
                    0.0,
                    0.0,
                    0.0,
                    1.0
                ]
            ]
        },
        {
            "file_path": "./train/r_33",
            "rotation": 0.012566370614359171,
            "transform_matrix": [
                [
                    0.9603254795074463,
                    0.23026646673679352,
                    -0.1573287844657898,
                    -0.6342126727104187
                ],
                [
                    -0.278881698846817,
                    0.7929195761680603,
                    -0.5417596101760864,
                    -2.1839029788970947
                ],
                [
                    0.0,
                    0.5641416907310486,
                    0.8256778717041016,
                    3.32841420173645
                ],
                [
                    0.0,
                    0.0,
                    0.0,
                    1.0
                ]
            ]
        },
        {
            "file_path": "./train/r_34",
            "rotation": 0.012566370614359171,
            "transform_matrix": [
                [
                    0.9089810848236084,
                    -0.34651708602905273,
                    0.23168791830539703,
                    0.9339639544487
                ],
                [
                    0.41683733463287354,
                    0.7556363940238953,
                    -0.5052328705787659,
                    -2.036659002304077
                ],
                [
                    0.0,
                    0.5558232665061951,
                    0.8313003182411194,
                    3.351078987121582
                ],
                [
                    0.0,
                    0.0,
                    0.0,
                    1.0
                ]
            ]
        },
        {
            "file_path": "./train/r_35",
            "rotation": 0.012566370614359171,
            "transform_matrix": [
                [
                    -0.6167458891868591,
                    0.657060444355011,
                    -0.43346986174583435,
                    -1.7473728656768799
                ],
                [
                    -0.7871623039245605,
                    -0.5148103833198547,
                    0.3396259546279907,
                    1.3690760135650635
                ],
                [
                    0.0,
                    0.5506740212440491,
                    0.8347203135490417,
                    3.364865303039551
                ],
                [
                    0.0,
                    0.0,
                    0.0,
                    1.0
                ]
            ]
        },
        {
            "file_path": "./train/r_36",
            "rotation": 0.012566370614359171,
            "transform_matrix": [
                [
                    0.12249388545751572,
                    0.9179939031600952,
                    -0.37720322608947754,
                    -1.520554780960083
                ],
                [
                    -0.9924692511558533,
                    0.11330188065767288,
                    -0.04655568674206734,
                    -0.1876719743013382
                ],
                [
                    -3.725290742551124e-09,
                    0.380065381526947,
                    0.9249595999717712,
                    3.7286314964294434
                ],
                [
                    0.0,
                    0.0,
                    0.0,
                    1.0
                ]
            ]
        },
        {
            "file_path": "./train/r_37",
            "rotation": 0.012566370614359171,
            "transform_matrix": [
                [
                    -0.7481787800788879,
                    0.6207157373428345,
                    -0.2343936413526535,
                    -0.9448710083961487
                ],
                [
                    -0.6634970903396606,
                    -0.6999372839927673,
                    0.2643091380596161,
                    1.0654642581939697
                ],
                [
                    0.0,
                    0.35326987504959106,
                    0.9355213642120361,
                    3.771207332611084
                ],
                [
                    0.0,
                    0.0,
                    0.0,
                    1.0
                ]
            ]
        },
        {
            "file_path": "./train/r_38",
            "rotation": 0.012566370614359171,
            "transform_matrix": [
                [
                    -0.9089187979698181,
                    0.36419203877449036,
                    -0.20305363833904266,
                    -0.8185353875160217
                ],
                [
                    -0.41697320342063904,
                    -0.7938663363456726,
                    0.44261664152145386,
                    1.7842447757720947
                ],
                [
                    0.0,
                    0.4869705140590668,
                    0.873418390750885,
                    3.520862102508545
                ],
                [
                    0.0,
                    0.0,
                    0.0,
                    1.0
                ]
            ]
        },
        {
            "file_path": "./train/r_39",
            "rotation": 0.012566370614359171,
            "transform_matrix": [
                [
                    -0.9141854047775269,
                    -0.11853784322738647,
                    0.38757431507110596,
                    1.5623620748519897
                ],
                [
                    0.40529632568359375,
                    -0.2673736810684204,
                    0.8742117285728455,
                    3.5240602493286133
                ],
                [
                    -7.450580596923828e-09,
                    0.956274151802063,
                    0.2924720346927643,
                    1.178992509841919
                ],
                [
                    0.0,
                    0.0,
                    0.0,
                    1.0
                ]
            ]
        },
        {
            "file_path": "./train/r_40",
            "rotation": 0.012566370614359171,
            "transform_matrix": [
                [
                    -0.7469884157180786,
                    -0.15486542880535126,
                    0.6465485095977783,
                    2.60632061958313
                ],
                [
                    0.6648370623588562,
                    -0.174001544713974,
                    0.7264400124549866,
                    2.9283735752105713
                ],
                [
                    0.0,
                    0.9724916815757751,
                    0.23293739557266235,
                    0.9390007257461548
                ],
                [
                    0.0,
                    0.0,
                    0.0,
                    1.0
                ]
            ]
        },
        {
            "file_path": "./train/r_41",
            "rotation": 0.012566370614359171,
            "transform_matrix": [
                [
                    -0.2997313141822815,
                    -0.5621228814125061,
                    0.7708300948143005,
                    3.1073155403137207
                ],
                [
                    0.9540237188339233,
                    -0.1766054928302765,
                    0.24217626452445984,
                    0.9762437343597412
                ],
                [
                    0.0,
                    0.807978093624115,
                    0.5892126560211182,
                    2.375192165374756
                ],
                [
                    0.0,
                    0.0,
                    0.0,
                    1.0
                ]
            ]
        },
        {
            "file_path": "./train/r_42",
            "rotation": 0.012566370614359171,
            "transform_matrix": [
                [
                    -0.825020968914032,
                    0.47788605093955994,
                    -0.3016045093536377,
                    -1.2158067226409912
                ],
                [
                    -0.5651021003723145,
                    -0.6976898312568665,
                    0.44032758474349976,
                    1.775017261505127
                ],
                [
                    0.0,
                    0.5337168574333191,
                    0.8456632494926453,
                    3.408977508544922
                ],
                [
                    0.0,
                    0.0,
                    0.0,
                    1.0
                ]
            ]
        },
        {
            "file_path": "./train/r_43",
            "rotation": 0.012566370614359171,
            "transform_matrix": [
                [
                    -0.7937576770782471,
                    0.2075795978307724,
                    -0.57171630859375,
                    -2.3046624660491943
                ],
                [
                    -0.6082342863082886,
                    -0.27089542150497437,
                    0.7461009621620178,
                    3.00762939453125
                ],
                [
                    0.0,
                    0.9399608373641968,
                    0.3412822484970093,
                    1.3757529258728027
                ],
                [
                    0.0,
                    0.0,
                    0.0,
                    1.0
                ]
            ]
        },
        {
            "file_path": "./train/r_44",
            "rotation": 0.012566370614359171,
            "transform_matrix": [
                [
                    -0.8103965520858765,
                    0.33261364698410034,
                    -0.4823128283023834,
                    -1.9442652463912964
                ],
                [
                    -0.5858818292617798,
                    -0.46007394790649414,
                    0.6671390533447266,
                    2.689323663711548
                ],
                [
                    -1.4901161193847656e-08,
                    0.8232254981994629,
                    0.567714512348175,
                    2.2885303497314453
                ],
                [
                    0.0,
                    0.0,
                    0.0,
                    1.0
                ]
            ]
        },
        {
            "file_path": "./train/r_45",
            "rotation": 0.012566370614359171,
            "transform_matrix": [
                [
                    -0.9551838040351868,
                    -0.20804302394390106,
                    0.21057561039924622,
                    0.8488574624061584
                ],
                [
                    0.2960134744644165,
                    -0.6713184714317322,
