{
    "camera_angle_x": 0.5296346545219421,
    "frames": [
        {
            "file_path": "./train/r_0",
            "rotation": 0.012566370614359171,
            "transform_matrix": [
                [
                    0.6669622659683228,
                    -0.10102525353431702,
                    0.7382107377052307,
                    2.975822687149048
                ],
                [
                    0.7450913786888123,
                    0.09043191373348236,
                    -0.6608031988143921,
                    -2.663782835006714
                ],
                [
                    0.0,
                    0.9907653331756592,
                    0.13558772206306458,
                    0.5465716123580933
                ],
                [
                    0.0,
                    0.0,
                    0.0,
                    1.0
                ]
            ]
        },
        {
            "file_path": "./train/r_1",
            "rotation": 0.012566370614359171,
            "transform_matrix": [
                [
                    0.9338552951812744,
                    0.14591586589813232,
                    -0.3265317976474762,
                    -1.3162918090820312
                ],
                [
                    -0.35765132308006287,
                    0.3809976279735565,
                    -0.8525997400283813,
                    -3.4369394779205322
                ],
                [
                    1.4901162970204496e-08,
                    0.9129892587661743,
                    0.40798354148864746,
                    1.6446342468261719
                ],
                [
                    0.0,
                    0.0,
                    0.0,
                    1.0
                ]
            ]
        },
        {
            "file_path": "./train/r_2",
            "rotation": 0.012566370614359171,
            "transform_matrix": [
                [
                    0.07856370508670807,
                    -0.16419315338134766,
                    0.9832947254180908,
                    3.963787317276001
                ],
                [
                    0.9969091415405273,
                    0.012939617037773132,
                    -0.07749079167842865,
                    -0.31237533688545227
                ],
                [
                    9.313224635931761e-10,
                    0.9863433241844177,
                    0.16470223665237427,
                    0.6639358997344971
                ],
                [
                    0.0,
                    0.0,
                    0.0,
                    1.0
                ]
            ]
        },
        {
            "file_path": "./train/r_3",
            "rotation": 0.012566370614359171,
            "transform_matrix": [
                [
                    -0.20288261771202087,
                    0.8534687161445618,
                    -0.48003095388412476,
                    -1.9350666999816895
                ],
                [
                    -0.9792031645774841,
                    -0.17683148384094238,
                    0.09945835173130035,
                    0.40092945098876953
                ],
                [
                    7.450581485102248e-09,
                    0.490226149559021,
                    0.8715952634811401,
                    3.5135128498077393
                ],
                [
                    0.0,
                    0.0,
                    0.0,
                    1.0
                ]
            ]
        },
        {
            "file_path": "./train/r_4",
            "rotation": 0.012566370614359171,
            "transform_matrix": [
                [
                    0.484755277633667,
                    0.7496687769889832,
                    -0.45056524872779846,
                    -1.816286563873291
                ],
                [
                    -0.8746498227119446,
                    0.4154873490333557,
                    -0.24971583485603333,
                    -1.0066367387771606
                ],
                [
                    0.0,
                    0.5151378512382507,
                    0.8571072816848755,
                    3.4551100730895996
                ],
                [
                    0.0,
                    0.0,
                    0.0,
                    1.0
                ]
            ]
        },
        {
            "file_path": "./train/r_5",
            "rotation": 0.012566370614359171,
            "transform_matrix": [
                [
                    -0.9998606443405151,
                    -0.003355613211169839,
                    0.016358697786927223,
                    0.06594403088092804
                ],
                [
                    0.01669931784272194,
                    -0.20091512799263,
                    0.9794662594795227,
                    3.948354959487915
                ],
                [
                    2.3283064365386963e-10,
                    0.9796029329299927,
                    0.20094315707683563,
                    0.8100278377532959
                ],
                [
                    0.0,
                    0.0,
                    0.0,
                    1.0
                ]
            ]
        },
        {
            "file_path": "./train/r_6",
            "rotation": 0.012566370614359171,
            "transform_matrix": [
                [
                    0.6857340931892395,
                    0.42627251148223877,
                    -0.5899664759635925,
                    -2.3782310485839844
                ],
                [
                    -0.7278521060943604,
                    0.4016057550907135,
                    -0.5558273792266846,
                    -2.2406117916107178
                ],
                [
                    0.0,
                    0.8105581998825073,
                    0.585658073425293,
                    2.360863208770752
                ],
                [
                    0.0,
                    0.0,
                    0.0,
                    1.0
                ]
            ]
        },
        {
            "file_path": "./train/r_7",
            "rotation": 0.012566370614359171,
            "transform_matrix": [
                [
                    -0.9396015405654907,
                    -0.1348613202571869,
                    0.31458136439323425,
                    1.2681180238723755
                ],
                [
                    0.3422703742980957,
                    -0.37022164463996887,
                    0.8635895252227783,
                    3.481240749359131
                ],
                [
                    0.0,
                    0.9191017746925354,
                    0.39401987195014954,
                    1.588344931602478
                ],
                [
                    0.0,
                    0.0,
                    0.0,
                    1.0
                ]
            ]
        },
        {
            "file_path": "./train/r_8",
            "rotation": 0.012566370614359171,
            "transform_matrix": [
                [
                    0.38324254751205444,
                    0.3288545310497284,
                    -0.8631221652030945,
                    -3.4793567657470703
                ],
                [
                    -0.9236478209495544,
                    0.13644923269748688,
                    -0.35812902450561523,
                    -1.443664312362671
                ],
                [
                    0.0,
                    0.9344711303710938,
                    0.3560388684272766,
                    1.4352385997772217
                ],
                [
                    0.0,
                    0.0,
                    0.0,
                    1.0
                ]
            ]
        },
        {
            "file_path": "./train/r_9",
            "rotation": 0.012566370614359171,
            "transform_matrix": [
                [
                    -0.5223687887191772,
                    0.32211193442344666,
                    -0.789540708065033,
                    -3.1827406883239746
                ],
                [
                    -0.8527196645736694,
                    -0.1973230540752411,
                    0.48366594314575195,
                    1.9497199058532715
                ],
                [
                    -1.4901161193847656e-08,
                    0.9259088635444641,
                    0.3777466416358948,
                    1.5227454900741577
                ],
                [
                    0.0,
                    0.0,
                    0.0,
                    1.0
                ]
            ]
        },
        {
            "file_path": "./train/r_10",
            "rotation": 0.012566370614359171,
            "transform_matrix": [
                [
                    0.7671170830726624,
                    -0.6019997000694275,
                    0.22164766490459442,
                    0.8934903144836426
                ],
                [
                    0.6415070295333862,
                    0.7198739647865295,
                    -0.2650472819805145,
                    -1.0684397220611572
                ],
                [
                    0.0,
                    0.3455107808113098,
                    0.9384147524833679,
                    3.7828707695007324
                ],
                [
                    0.0,
                    0.0,
                    0.0,
                    1.0
                ]
            ]
        },
        {
            "file_path": "./train/r_11",
            "rotation": 0.012566370614359171,
            "transform_matrix": [
                [
                    -0.01678765006363392,
                    0.3017966151237488,
                    -0.9532245397567749,
                    -3.8425710201263428
                ],
                [
                    -0.9998590350151062,
                    -0.005067170597612858,
                    0.01600465551018715,
                    0.0645168274641037
                ],
                [
                    -4.6566125955216364e-10,
                    0.9533588886260986,
                    0.301839143037796,
                    1.216752529144287
                ],
                [
                    0.0,
                    0.0,
                    0.0,
                    1.0
                ]
            ]
        },
        {
            "file_path": "./train/r_12",
            "rotation": 0.012566370614359171,
            "transform_matrix": [
                [
                    -0.8131214380264282,
                    0.5735952854156494,
                    -0.09910617768764496,
                    -0.3995097875595093
                ],
                [
                    -0.5820940732955933,
                    -0.8012495040893555,
                    0.13844041526317596,
                    0.5580711364746094
                ],
                [
                    0.0,
                    0.17025788128376007,
                    0.9853994846343994,
                    3.9722723960876465
                ],
                [
                    0.0,
                    0.0,
                    0.0,
                    1.0
                ]
            ]
        },
        {
            "file_path": "./train/r_13",
            "rotation": 0.012566370614359171,
            "transform_matrix": [
                [
                    0.3364090323448181,
                    0.3843286335468292,
                    -0.8597211241722107,
                    -3.465646743774414
                ],
                [
                    -0.9417159557342529,
                    0.13729365170001984,
                    -0.3071180284023285,
                    -1.238032341003418
                ],
                [
                    0.0,
                    0.9129304885864258,
                    0.4081152081489563,
                    1.645164966583252
                ],
                [
                    0.0,
                    0.0,
                    0.0,
                    1.0
                ]
            ]
        },
        {
            "file_path": "./train/r_14",
            "rotation": 0.012566370614359171,
            "transform_matrix": [
                [
                    -0.2823334038257599,
                    0.6918270587921143,
                    -0.6645774245262146,
                    -2.678997278213501
                ],
                [
                    -0.9593163132667542,
                    -0.20360949635505676,
                    0.19558973610401154,
                    0.7884474396705627
                ],
                [
                    0.0,
                    0.6927614212036133,
                    0.721166729927063,
                    2.907116174697876
                ],
                [
                    0.0,
                    0.0,
                    0.0,
                    1.0
                ]
            ]
        },
        {
            "file_path": "./train/r_15",
            "rotation": 0.012566370614359171,
            "transform_matrix": [
                [
                    -0.5625494718551636,
                    0.36722153425216675,
                    -0.7407336831092834,
                    -2.985992908477783
                ],
                [
                    -0.8267635107040405,
                    -0.24986623227596283,
                    0.5040127635002136,
                    2.031740427017212
                ],
                [
                    1.4901160305669237e-08,
                    0.8959437012672424,
                    0.44416752457618713,
                    1.790496587753296
                ],
                [
                    0.0,
                    0.0,
                    0.0,
                    1.0
                ]
            ]
        },
        {
            "file_path": "./train/r_16",
            "rotation": 0.012566370614359171,
            "transform_matrix": [
                [
                    0.7812871932983398,
                    -0.22544735670089722,
                    0.582034170627594,
                    2.346254825592041
                ],
                [
                    0.6241716742515564,
                    0.28219661116600037,
                    -0.7285428643226624,
                    -2.9368503093719482
                ],
                [
                    0.0,
                    0.9324905276298523,
                    0.3611944317817688,
                    1.4560213088989258
                ],
                [
                    0.0,
                    0.0,
                    0.0,
                    1.0
                ]
            ]
        },
        {
            "file_path": "./train/r_17",
            "rotation": 0.012566370614359171,
            "transform_matrix": [
                [
                    0.5436468720436096,
                    -0.5509541034698486,
                    0.633164644241333,
                    2.552368402481079
                ],
                [
                    0.8393140435218811,
                    0.3568682372570038,
                    -0.4101182818412781,
                    -1.6532397270202637
                ],
                [
                    1.4901161193847656e-08,
                    0.7543834447860718,
                    0.6564338803291321,
                    2.646169662475586
                ],
                [
                    0.0,
                    0.0,
                    0.0,
                    1.0
                ]
            ]
        },
        {
            "file_path": "./train/r_18",
            "rotation": 0.012566370614359171,
            "transform_matrix": [
                [
                    -0.7608104944229126,
                    0.3418506979942322,
                    -0.5516389012336731,
                    -2.2237274646759033
                ],
                [
                    -0.6489740610122681,
                    -0.40076109766960144,
                    0.6467016935348511,
                    2.606937885284424
                ],
                [
                    1.4901161193847656e-08,
                    0.850016713142395,
                    0.5267555713653564,
                    2.1234195232391357
                ],
                [
                    0.0,
                    0.0,
                    0.0,
                    1.0
                ]
            ]
        },
        {
            "file_path": "./train/r_19",
            "rotation": 0.012566370614359171,
            "transform_matrix": [
                [
                    0.9787778854370117,
                    0.03999663144350052,
                    -0.20098304748535156,
                    -0.8101885914802551
                ],
                [
                    -0.20492419600486755,
                    0.19103561341762543,
                    -0.9599538445472717,
                    -3.8696978092193604
                ],
                [
                    0.0,
                    0.9807677865028381,
                    0.19517771899700165,
                    0.7867865562438965
                ],
                [
                    0.0,
                    0.0,
                    0.0,
                    1.0
                ]
            ]
        },
        {
            "file_path": "./train/r_20",
            "rotation": 0.012566370614359171,
            "transform_matrix": [
                [
                    -0.638390839099884,
                    0.4705915153026581,
                    -0.6090983152389526,
                    -2.4553537368774414
                ],
                [
                    -0.7697122693061829,
                    -0.390303373336792,
                    0.5051793456077576,
                    2.036442995071411
                ],
                [
                    -1.4901160305669237e-08,
                    0.7913322448730469,
                    0.611386239528656,
                    2.4645767211914062
                ],
                [
                    0.0,
                    0.0,
                    0.0,
                    1.0
                ]
            ]
        },
        {
            "file_path": "./train/r_21",
            "rotation": 0.012566370614359171,
            "transform_matrix": [
                [
                    -0.9989500641822815,
                    -0.04003017768263817,
                    0.02227664552628994,
                    0.08980002999305725
                ],
                [
                    0.04581117630004883,
                    -0.8728907108306885,
                    0.48576048016548157,
                    1.9581631422042847
                ],
                [
                    -1.8626450382086546e-09,
                    0.48627105355262756,
                    0.8738080263137817,
                    3.522432804107666
                ],
                [
                    0.0,
                    0.0,
                    0.0,
                    1.0
                ]
            ]
        },
        {
            "file_path": "./train/r_22",
            "rotation": 0.012566370614359171,
            "transform_matrix": [
                [
                    -0.8501964807510376,
                    -0.43991535902023315,
                    0.28920647501945496,
                    1.1658285856246948
                ],
                [
                    0.5264655351638794,
                    -0.7104254364967346,
                    0.46704357862472534,
                    1.8827128410339355
                ],
                [
                    0.0,
                    0.5493360161781311,
                    0.8356015086174011,
                    3.368417501449585
                ],
                [
                    0.0,
                    0.0,
                    0.0,
                    1.0
                ]
            ]
        },
        {
            "file_path": "./train/r_23",
            "rotation": 0.012566370614359171,
            "transform_matrix": [
                [
                    -0.2576950192451477,
                    -0.6121905446052551,
                    0.7475398778915405,
                    3.013429641723633
                ],
                [
                    0.9662263989448547,
                    -0.16327276825904846,
                    0.19937077164649963,
                    0.8036893010139465
                ],
                [
                    7.450582373280668e-09,
                    0.7736695408821106,
                    0.6335892677307129,
                    2.554080009460449
                ],
                [
                    0.0,
                    0.0,
                    0.0,
                    1.0
                ]
            ]
        },
        {
            "file_path": "./train/r_24",
            "rotation": 0.012566370614359171,
            "transform_matrix": [
                [
                    0.664681613445282,
                    0.5304076671600342,
                    -0.526180624961853,
                    -2.1211018562316895
                ],
                [
                    -0.7471267580986023,
                    0.47187739610671997,
                    -0.468116819858551,
                    -1.887039303779602
                ],
                [
                    0.0,
                    0.7042722105979919,
                    0.7099300026893616,
                    2.861819267272949
                ],
                [
                    0.0,
                    0.0,
                    0.0,
                    1.0
                ]
            ]
        },
        {
            "file_path": "./train/r_25",
            "rotation": 0.012566370614359171,
            "transform_matrix": [
                [
                    0.0016193262999877334,
                    -0.799915075302124,
                    0.6001109480857849,
                    2.4191246032714844
                ],
                [
                    0.9999986290931702,
                    0.0012953252298757434,
                    -0.0009717767825350165,
                    -0.0039173574186861515
                ],
                [
                    5.8207657444020455e-11,
                    0.6001116037368774,
                    0.7999162077903748,
                    3.224565267562866
                ],
                [
                    0.0,
                    0.0,
                    0.0,
                    1.0
                ]
            ]
        },
        {
            "file_path": "./train/r_26",
            "rotation": 0.012566370614359171,
            "transform_matrix": [
                [
                    0.9837728142738342,
                    -0.07057704031467438,
                    0.1649540513753891,
                    0.6649510264396667
                ],
                [
                    0.17941837012767792,
                    0.3869824707508087,
                    -0.9044631123542786,
                    -3.646007537841797
                ],
                [
                    7.450580596923828e-09,
                    0.9193820357322693,
                    0.39336565136909485,
                    1.585707664489746
                ],
                [
                    0.0,
                    0.0,
                    0.0,
                    1.0
                ]
            ]
        },
        {
            "file_path": "./train/r_27",
            "rotation": 0.012566370614359171,
            "transform_matrix": [
                [
                    0.6659356355667114,
                    0.7423816919326782,
                    -0.07347772270441055,
                    -0.29619815945625305
                ],
                [
                    -0.7460092306137085,
                    0.6626974940299988,
                    -0.06559092551469803,
                    -0.2644054889678955
                ],
                [
                    0.0,
                    0.09849485754966736,
                    0.995137631893158,
                    4.011528015136719
                ],
                [
                    0.0,
                    0.0,
                    0.0,
                    1.0
                ]
            ]
        },
        {
            "file_path": "./train/r_28",
            "rotation": 0.012566370614359171,
            "transform_matrix": [
                [
                    0.9807054400444031,
                    0.054176509380340576,
                    -0.18783465027809143,
                    -0.757185697555542
                ],
                [
                    -0.19549159705638885,
                    0.2717825174331665,
                    -0.9422935843467712,
                    -3.79850697517395
                ],
                [
                    -3.725290742551124e-09,
                    0.9608324766159058,
                    0.2771296501159668,
                    1.117145299911499
                ],
                [
                    0.0,
                    0.0,
                    0.0,
                    1.0
                ]
            ]
        },
        {
            "file_path": "./train/r_29",
            "rotation": 0.012566370614359171,
            "transform_matrix": [
                [
                    0.3416307270526886,
                    0.4601915180683136,
                    -0.8194584250450134,
                    -3.303342580795288
                ],
                [
                    -0.9398342967033386,
                    0.16728009283542633,
                    -0.29787397384643555,
                    -1.2007683515548706
                ],
                [
                    0.0,
                    0.8719179630279541,
                    0.48965179920196533,
                    1.9738495349884033
                ],
                [
                    0.0,
                    0.0,
                    0.0,
                    1.0
                ]
            ]
        },
        {
            "file_path": "./train/r_30",
            "rotation": 0.012566370614359171,
            "transform_matrix": [
                [
                    0.36861538887023926,
                    -0.7093204259872437,
                    0.6008220911026001,
                    2.4219913482666016
                ],
                [
                    0.9295819997787476,
                    0.28127312660217285,
                    -0.23824933171272278,
                    -0.9604137539863586
                ],
                [
                    0.0,
                    0.646335780620575,
                    0.7630531191825867,
                    3.075965404510498
                ],
                [
                    0.0,
                    0.0,
                    0.0,
                    1.0
                ]
            ]
        },
        {
            "file_path": "./train/r_31",
            "rotation": 0.012566370614359171,
            "transform_matrix": [
                [
                    -0.05179614573717117,
                    -0.5681271553039551,
                    0.8213090896606445,
                    3.310802936553955
                ],
                [
                    0.9986577033996582,
                    -0.029466351494193077,
                    0.042597826570272446,
                    0.1717173308134079
                ],
                [
                    -1.862645149230957e-09,
                    0.8224130272865295,
                    0.5688908100128174,
                    2.2932722568511963
                ],
                [
                    0.0,
                    0.0,
                    0.0,
                    1.0
                ]
            ]
        },
        {
            "file_path": "./train/r_32",
            "rotation": 0.012566370614359171,
            "transform_matrix": [
                [
                    0.39769721031188965,
                    0.12544703483581543,
                    -0.9089004993438721,
                    -3.6638946533203125
                ],
                [
                    -0.9175167083740234,
                    0.05437496677041054,
                    -0.3939625322818756,
                    -1.58811354637146
                ],
                [
                    0.0,
                    0.9906089901924133,
                    0.1367245465517044,
                    0.5511541962623596
                ],
                [
                    0.0,
                    0.0,
                    0.0,
                    1.0
                ]
            ]
        },
        {
            "file_path": "./train/r_33",
            "rotation": 0.012566370614359171,
            "transform_matrix": [
                [
                    0.4557174742221832,
                    0.8518262505531311,
                    -0.2582896947860718,
                    -1.0411990880966187
                ],
                [
                    -0.890124499797821,
                    0.43610990047454834,
                    -0.13223670423030853,
                    -0.5330632328987122
                ],
                [
                    -7.450580596923828e-09,
                    0.29017263650894165,
                    0.9569743275642395,
                    3.857686996459961
                ],
                [
                    0.0,
                    0.0,
                    0.0,
                    1.0
                ]
            ]
        },
        {
            "file_path": "./train/r_34",
            "rotation": 0.012566370614359171,
            "transform_matrix": [
                [
                    0.9143896102905273,
                    -0.0931161642074585,
                    0.3939812183380127,
                    1.588188886642456
                ],
                [
                    0.4048355519771576,
                    0.21031861007213593,
                    -0.8898732662200928,
                    -3.587193489074707
                ],
                [
                    7.450581485102248e-09,
                    0.9731882214546204,
                    0.23000992834568024,
                    0.9271995425224304
                ],
                [
                    0.0,
                    0.0,
                    0.0,
                    1.0
                ]
            ]
        },
        {
            "file_path": "./train/r_35",
            "rotation": 0.012566370614359171,
            "transform_matrix": [
                [
                    -0.8154610991477966,
                    0.1558544933795929,
                    -0.55743408203125,
                    -2.247088670730591
                ],
                [
                    -0.5788120627403259,
                    -0.21957606077194214,
                    0.7853425741195679,
                    3.1658172607421875
                ],
                [
                    -1.4901162970204496e-08,
                    0.9630658030509949,
                    0.26926615834236145,
                    1.0854465961456299
                ],
                [
                    0.0,
                    0.0,
                    0.0,
                    1.0
                ]
            ]
        },
        {
            "file_path": "./train/r_36",
            "rotation": 0.012566370614359171,
            "transform_matrix": [
                [
                    0.9880032539367676,
                    0.1440799981355667,
                    -0.05559031665325165,
                    -0.22409173846244812
                ],
                [
                    -0.1544322818517685,
                    0.9217730760574341,
                    -0.3556472659111023,
                    -1.4336600303649902
                ],
                [
                    0.0,
                    0.35996556282043457,
                    0.9329655170440674,
                    3.760904312133789
                ],
                [
                    0.0,
                    0.0,
                    0.0,
                    1.0
                ]
            ]
        },
        {
            "file_path": "./train/r_37",
            "rotation": 0.012566370614359171,
            "transform_matrix": [
                [
                    0.7077177166938782,
                    -0.7040754556655884,
                    0.058424826711416245,
                    0.23551800847053528
                ],
                [
                    0.7064954042434692,
                    0.705293595790863,
                    -0.05852591246366501,
                    -0.23592549562454224
                ],
                [
                    0.0,
                    0.08269665390253067,
                    0.9965748190879822,
                    4.017321586608887
                ],
                [
                    0.0,
                    0.0,
                    0.0,
                    1.0
                ]
            ]
        },
        {
            "file_path": "./train/r_38",
            "rotation": 0.012566370614359171,
            "transform_matrix": [
                [
                    -0.28640544414520264,
                    -0.7183825969696045,
                    0.6339545249938965,
                    2.5555522441864014
                ],
                [
                    0.9581084251403809,
                    -0.2147446870803833,
                    0.18950675427913666,
                    0.763926088809967
                ],
                [
                    1.4901158529312397e-08,
                    0.6616729497909546,
                    0.7497925758361816,
                    3.022510290145874
                ],
                [
                    0.0,
                    0.0,
                    0.0,
                    1.0
                ]
            ]
        },
        {
            "file_path": "./train/r_39",
            "rotation": 0.012566370614359171,
            "transform_matrix": [
                [
                    0.8566660284996033,
                    0.40191566944122314,
                    -0.3233993351459503,
                    -1.3036644458770752
                ],
                [
                    -0.5158714056015015,
                    0.6674288511276245,
                    -0.5370431542396545,
                    -2.1648902893066406
                ],
                [
                    -1.4901161193847656e-08,
                    0.6268991231918335,
                    0.7791003584861755,
                    3.1406540870666504
                ],
                [
                    0.0,
                    0.0,
                    0.0,
                    1.0
                ]
            ]
        },
        {
            "file_path": "./train/r_40",
            "rotation": 0.012566370614359171,
            "transform_matrix": [
                [
                    0.9855043888092041,
                    -0.02291770651936531,
                    0.16809500753879547,
                    0.6776126623153687
                ],
                [
                    0.1696500927209854,
                    0.13312990963459015,
                    -0.9764708280563354,
                    -3.936279773712158
                ],
                [
                    0.0,
                    0.9908336400985718,
                    0.13508808612823486,
                    0.544557511806488
                ],
                [
                    0.0,
                    0.0,
                    0.0,
                    1.0
                ]
            ]
        },
        {
            "file_path": "./train/r_41",
            "rotation": 0.012566370614359171,
            "transform_matrix": [
                [
                    0.0928247943520546,
                    0.6859228014945984,
                    -0.7217294573783875,
                    -2.9093844890594482
                ],
                [
                    -0.9956824779510498,
                    0.06394673138856888,
                    -0.06728488951921463,
                    -0.27123406529426575
                ],
                [
                    0.0,
                    0.7248590588569641,
                    0.6888971924781799,
                    2.7770333290100098
                ],
                [
                    0.0,
                    0.0,
                    0.0,
                    1.0
                ]
            ]
        },
        {
            "file_path": "./train/r_42",
            "rotation": 0.012566370614359171,
            "transform_matrix": [
                [
                    -0.01765160821378231,
                    -0.6284224987030029,
                    0.7776718735694885,
                    3.1348955631256104
                ],
                [
                    0.9998443126678467,
                    -0.011094396002590656,
                    0.013729297555983067,
                    0.05534457042813301
                ],
                [
                    0.0,
                    0.7777929306030273,
                    0.6285204291343689,
                    2.533646821975708
                ],
                [
                    0.0,
                    0.0,
                    0.0,
                    1.0
                ]
            ]
        },
        {
            "file_path": "./train/r_43",
            "rotation": 0.012566370614359171,
            "transform_matrix": [
                [
                    0.5058504939079285,
                    0.5852382183074951,
                    -0.6337282657623291,
                    -2.554640293121338
                ],
                [
                    -0.8626213073730469,
                    0.3431900441646576,
                    -0.371625155210495,
                    -1.4980688095092773
                ],
                [
                    0.0,
                    0.7346541285514832,
                    0.6784417033195496,
                    2.7348859310150146
                ],
                [
                    0.0,
                    0.0,
                    0.0,
                    1.0
                ]
            ]
        },
        {
            "file_path": "./train/r_44",
            "rotation": 0.012566370614359171,
            "transform_matrix": [
                [
                    -0.9131813645362854,
                    0.22918446362018585,
                    -0.337007611989975,
                    -1.3585211038589478
                ],
                [
                    -0.4075532555580139,
                    -0.5135205984115601,
                    0.7551138401031494,
                    3.0439610481262207
                ],
                [
                    0.0,
                    0.8269044756889343,
                    0.5623423457145691,
                    2.2668745517730713
                ],
                [
                    0.0,
                    0.0,
                    0.0,
                    1.0
                ]
            ]
        },
        {
            "file_path": "./train/r_45",
            "rotation": 0.012566370614359171,
            "transform_matrix": [
                [
                    -0.14198409020900726,
                    0.6485360860824585,
                    -0.7478244304656982,
                    -3.0145766735076904
                ],
                [
                    -0.9898688793182373,
