{
    "camera_angle_x": 0.6911112070083618,
    "frames": [
        {
            "file_path": "./train/r_0",
            "rotation": 0.031415926535897934,
            "transform_matrix": [
                [
                    -0.20780952274799347,
                    0.5334776043891907,
                    -0.819888174533844,
                    -3.305075168609619
                ],
                [
                    -0.978169322013855,
                    -0.11333593726158142,
                    0.17418310046195984,
                    0.7021545767784119
                ],
                [
                    -7.450581485102248e-09,
                    0.8381863236427307,
                    0.5453836917877197,
                    2.198512315750122
                ],
                [
                    0.0,
                    0.0,
                    0.0,
                    1.0
                ]
            ]
        },
        {
            "file_path": "./train/r_1",
            "rotation": 0.031415926535897934,
            "transform_matrix": [
                [
                    0.4657772481441498,
                    -0.8490874171257019,
                    0.24920311570167542,
                    1.0045698881149292
                ],
                [
                    0.8849019408226013,
                    0.44692590832710266,
                    -0.1311706155538559,
                    -0.5287656784057617
                ],
                [
                    -1.4901160305669237e-08,
                    0.28161659836769104,
                    0.9595269560813904,
                    3.8679769039154053
                ],
                [
                    0.0,
                    0.0,
                    0.0,
                    1.0
                ]
            ]
        },
        {
            "file_path": "./train/r_2",
            "rotation": 0.031415926535897934,
            "transform_matrix": [
                [
                    0.9415695071220398,
                    -0.2932950258255005,
                    0.16560477018356323,
                    0.6675741672515869
                ],
                [
                    0.3368188440799713,
                    0.8198996782302856,
                    -0.4629444181919098,
                    -1.866188645362854
                ],
                [
                    0.0,
                    0.49167314171791077,
                    0.870779812335968,
                    3.510225772857666
                ],
                [
                    0.0,
                    0.0,
                    0.0,
                    1.0
                ]
            ]
        },
        {
            "file_path": "./train/r_3",
            "rotation": 0.031415926535897934,
            "transform_matrix": [
                [
                    0.8407666683197021,
                    0.42878684401512146,
                    -0.3305349051952362,
                    -1.3324288129806519
                ],
                [
                    -0.5413976907730103,
                    0.6658869981765747,
                    -0.5133060812950134,
                    -2.0692028999328613
                ],
                [
                    0.0,
                    0.6105213761329651,
                    0.7919997572898865,
                    3.192653179168701
                ],
                [
                    0.0,
                    0.0,
                    0.0,
                    1.0
                ]
            ]
        },
        {
            "file_path": "./train/r_4",
            "rotation": 0.031415926535897934,
            "transform_matrix": [
                [
                    0.2004493772983551,
                    -0.8317232728004456,
                    0.517741858959198,
                    2.0870842933654785
                ],
                [
                    0.9797041416168213,
                    0.17017221450805664,
                    -0.10593099892139435,
                    -0.42702150344848633
                ],
                [
                    0.0,
                    0.52846759557724,
                    0.8489534258842468,
                    3.422240734100342
                ],
                [
                    0.0,
                    0.0,
                    0.0,
                    1.0
                ]
            ]
        },
        {
            "file_path": "./train/r_5",
            "rotation": 0.031415926535897934,
            "transform_matrix": [
                [
                    0.7365089058876038,
                    -0.6279876828193665,
                    0.25136861205101013,
                    1.0132993459701538
                ],
                [
                    0.676427960395813,
                    0.6837661266326904,
                    -0.2736954092979431,
                    -1.1033015251159668
                ],
                [
                    0.0,
                    0.37161192297935486,
                    0.928388237953186,
                    3.742452621459961
                ],
                [
                    0.0,
                    0.0,
                    0.0,
                    1.0
                ]
            ]
        },
        {
            "file_path": "./train/r_6",
            "rotation": 0.031415926535897934,
            "transform_matrix": [
                [
                    -0.9962276220321655,
                    -0.08290954679250717,
                    0.025623703375458717,
                    0.10329245030879974
                ],
                [
                    0.08677884191274643,
                    -0.9518077373504639,
                    0.29416200518608093,
                    1.1858049631118774
                ],
                [
                    0.0,
                    0.2952759563922882,
                    0.955411970615387,
                    3.851388931274414
                ],
                [
                    0.0,
                    0.0,
                    0.0,
                    1.0
                ]
            ]
        },
        {
            "file_path": "./train/r_7",
            "rotation": 0.031415926535897934,
            "transform_matrix": [
                [
                    -0.3117642104625702,
                    0.2340463548898697,
                    -0.9208829402923584,
                    -3.712197780609131
                ],
                [
                    -0.9501595497131348,
                    -0.07679475843906403,
                    0.30215802788734436,
                    1.2180379629135132
                ],
                [
                    0.0,
                    0.9691876769065857,
                    0.24632322788238525,
                    0.9929606914520264
                ],
                [
                    0.0,
                    0.0,
                    0.0,
                    1.0
                ]
            ]
        },
        {
            "file_path": "./train/r_8",
            "rotation": 0.031415926535897934,
            "transform_matrix": [
                [
                    -0.9999706745147705,
                    0.003831317648291588,
                    -0.006618652027100325,
                    -0.026680640876293182
                ],
                [
                    -0.007647584192454815,
                    -0.500969409942627,
                    0.8654311895370483,
                    3.4886648654937744
                ],
                [
                    -2.328306020205062e-10,
                    0.8654566407203674,
                    0.5009838938713074,
                    2.019531011581421
                ],
                [
                    0.0,
                    0.0,
                    0.0,
                    1.0
                ]
            ]
        },
        {
            "file_path": "./train/r_9",
            "rotation": 0.031415926535897934,
            "transform_matrix": [
                [
                    -0.9903109669685364,
                    0.04594163969159126,
                    -0.13104844093322754,
                    -0.5282732248306274
                ],
                [
                    -0.138868048787117,
                    -0.32762405276298523,
                    0.934546947479248,
                    3.7672793865203857
                ],
                [
                    -3.725290742551124e-09,
                    0.9436905384063721,
                    0.3308294415473938,
                    1.3336162567138672
                ],
                [
                    0.0,
                    0.0,
                    0.0,
                    1.0
                ]
            ]
        },
        {
            "file_path": "./train/r_10",
            "rotation": 0.031415926535897934,
            "transform_matrix": [
                [
                    0.600598156452179,
                    0.12189503759145737,
                    -0.790204644203186,
                    -3.1854166984558105
                ],
                [
                    -0.7995508909225464,
                    0.09156382083892822,
                    -0.5935775637626648,
                    -2.3927876949310303
                ],
                [
                    0.0,
                    0.9883103966712952,
                    0.15245437622070312,
                    0.6145632266998291
                ],
                [
                    0.0,
                    0.0,
                    0.0,
                    1.0
                ]
            ]
        },
        {
            "file_path": "./train/r_11",
            "rotation": 0.031415926535897934,
            "transform_matrix": [
                [
                    -0.5814738869667053,
                    -0.34711718559265137,
                    0.7357974648475647,
                    2.9660940170288086
                ],
                [
                    0.8135651350021362,
                    -0.24809272587299347,
                    0.5258915424346924,
                    2.119936466217041
                ],
                [
                    1.4901159417490817e-08,
                    0.9044113159179688,
                    0.426661878824234,
                    1.7199288606643677
                ],
                [
                    0.0,
                    0.0,
                    0.0,
                    1.0
                ]
            ]
        },
        {
            "file_path": "./train/r_12",
            "rotation": 0.031415926535897934,
            "transform_matrix": [
                [
                    0.5037634372711182,
                    -0.29752495884895325,
                    0.8109878897666931,
                    3.2691967487335205
                ],
                [
                    0.8638418316841125,
                    0.17350651323795319,
                    -0.4729408025741577,
                    -1.9064853191375732
                ],
                [
                    1.4901164746561335e-08,
                    0.9388153553009033,
                    0.3444206714630127,
                    1.388404130935669
                ],
                [
                    0.0,
                    0.0,
                    0.0,
                    1.0
                ]
            ]
        },
        {
            "file_path": "./train/r_13",
            "rotation": 0.031415926535897934,
            "transform_matrix": [
                [
                    0.2157658189535141,
                    0.7846134305000305,
                    -0.5812287926673889,
                    -2.343008041381836
                ],
                [
                    -0.9764451384544373,
                    0.17337661981582642,
                    -0.12843456864356995,
                    -0.5177362561225891
                ],
                [
                    -7.450580596923828e-09,
                    0.5952498316764832,
                    0.803540825843811,
                    3.2391762733459473
                ],
                [
                    0.0,
                    0.0,
                    0.0,
                    1.0
                ]
            ]
        },
        {
            "file_path": "./train/r_14",
            "rotation": 0.031415926535897934,
            "transform_matrix": [
                [
                    -0.9984351992607117,
                    -0.04541993886232376,
                    0.03262316808104515,
                    0.13150820136070251
                ],
                [
                    0.055921755731105804,
                    -0.8109342455863953,
                    0.5824588537216187,
                    2.3479666709899902
                ],
                [
                    -1.862645371275562e-09,
                    0.5833717584609985,
                    0.8122052550315857,
                    3.274104118347168
                ],
                [
                    0.0,
                    0.0,
                    0.0,
                    1.0
                ]
            ]
        },
        {
            "file_path": "./train/r_15",
            "rotation": 0.031415926535897934,
            "transform_matrix": [
                [
                    0.5508758425712585,
                    0.39411744475364685,
                    -0.735667884349823,
                    -2.9655721187591553
                ],
                [
                    -0.8345872163772583,
                    0.2601403295993805,
                    -0.4855833649635315,
                    -1.957449197769165
                ],
                [
                    0.0,
                    0.8814751505851746,
                    0.4722304046154022,
                    1.9036216735839844
                ],
                [
                    0.0,
                    0.0,
                    0.0,
                    1.0
                ]
            ]
        },
        {
            "file_path": "./train/r_16",
            "rotation": 0.031415926535897934,
            "transform_matrix": [
                [
                    -0.8110622763633728,
                    -0.5514518022537231,
                    0.19513846933841705,
                    0.7866283059120178
                ],
                [
                    0.584959864616394,
                    -0.7646023631095886,
                    0.27056461572647095,
                    1.0906808376312256
                ],
                [
                    -1.4901161193847656e-08,
                    0.3335929811000824,
                    0.9427171945571899,
                    3.8002145290374756
                ],
                [
                    0.0,
                    0.0,
                    0.0,
                    1.0
                ]
            ]
        },
        {
            "file_path": "./train/r_17",
            "rotation": 0.031415926535897934,
            "transform_matrix": [
                [
                    -0.5221477746963501,
                    -0.5430583357810974,
                    0.6576087474822998,
                    2.6509056091308594
                ],
                [
                    0.8528549075126648,
                    -0.33247941732406616,
                    0.40261122584342957,
                    1.6229777336120605
                ],
                [
                    -1.4901160305669237e-08,
                    0.7710674405097961,
                    0.6367534399032593,
                    2.5668351650238037
                ],
                [
                    0.0,
                    0.0,
                    0.0,
                    1.0
                ]
            ]
        },
        {
            "file_path": "./train/r_18",
            "rotation": 0.031415926535897934,
            "transform_matrix": [
                [
                    -0.4886645972728729,
                    0.13021501898765564,
                    -0.8626998066902161,
                    -3.477654218673706
                ],
                [
                    -0.8724718689918518,
                    -0.0729324072599411,
                    0.4831913709640503,
                    1.947806715965271
                ],
                [
                    0.0,
                    0.9887997508049011,
                    0.1492483913898468,
                    0.6016395092010498
                ],
                [
                    0.0,
                    0.0,
                    0.0,
                    1.0
                ]
            ]
        },
        {
            "file_path": "./train/r_19",
            "rotation": 0.031415926535897934,
            "transform_matrix": [
                [
                    -0.3788904845714569,
                    -0.7985641956329346,
                    0.4676935076713562,
                    1.8853328227996826
                ],
                [
                    0.9254416227340698,
                    -0.32694485783576965,
                    0.19148114323616028,
                    0.7718851566314697
                ],
                [
                    1.4901164746561335e-08,
                    0.5053732395172119,
                    0.8629007339477539,
                    3.478464126586914
                ],
                [
                    0.0,
                    0.0,
                    0.0,
                    1.0
                ]
            ]
        },
        {
            "file_path": "./train/r_20",
            "rotation": 0.031415926535897934,
            "transform_matrix": [
                [
                    0.3966214954853058,
                    -0.7202754616737366,
                    0.5691174268722534,
                    2.2941858768463135
                ],
                [
                    0.9179822206497192,
                    0.31120070815086365,
                    -0.24589170515537262,
                    -0.9912212491035461
                ],
                [
                    1.4901161193847656e-08,
                    0.619965672492981,
                    0.7846288681030273,
                    3.162940263748169
                ],
                [
                    0.0,
                    0.0,
                    0.0,
                    1.0
                ]
            ]
        },
        {
            "file_path": "./train/r_21",
            "rotation": 0.031415926535897934,
            "transform_matrix": [
                [
                    -0.998264729976654,
                    -0.019021308049559593,
                    0.05572939291596413,
                    0.22465236485004425
                ],
                [
                    0.058886121958494186,
                    -0.32245802879333496,
                    0.9447503685951233,
                    3.80841064453125
                ],
                [
                    3.725290298461914e-09,
                    0.9463925957679749,
                    0.32301855087280273,
                    1.3021293878555298
                ],
                [
                    0.0,
                    0.0,
                    0.0,
                    1.0
                ]
            ]
        },
        {
            "file_path": "./train/r_22",
            "rotation": 0.031415926535897934,
            "transform_matrix": [
                [
                    0.5043790936470032,
                    -0.8422626256942749,
                    0.19025146961212158,
                    0.7669280767440796
                ],
                [
                    0.8634824156761169,
                    0.49198412895202637,
                    -0.11113006621599197,
                    -0.44797956943511963
                ],
                [
                    0.0,
                    0.2203303575515747,
                    0.9754254221916199,
                    3.93206524848938
                ],
                [
                    0.0,
                    0.0,
                    0.0,
                    1.0
                ]
            ]
        },
        {
            "file_path": "./train/r_23",
            "rotation": 0.031415926535897934,
            "transform_matrix": [
                [
                    0.9931477904319763,
                    0.10593202710151672,
                    -0.04935452342033386,
                    -0.19895446300506592
                ],
                [
                    -0.11686515063047409,
                    0.9002355337142944,
                    -0.41942647099494934,
                    -1.6907622814178467
                ],
                [
                    0.0,
                    0.42232027649879456,
                    0.9064465165138245,
                    3.654003143310547
                ],
                [
                    0.0,
                    0.0,
                    0.0,
                    1.0
                ]
            ]
        },
        {
            "file_path": "./train/r_24",
            "rotation": 0.031415926535897934,
            "transform_matrix": [
                [
                    0.23071305453777313,
                    0.17804020643234253,
                    -0.9565945863723755,
                    -3.85615611076355
                ],
                [
                    -0.9730218648910522,
                    0.04221507906913757,
                    -0.22681796550750732,
                    -0.9143324494361877
                ],
                [
                    0.0,
                    0.9831173419952393,
                    0.18297655880451202,
                    0.7376021146774292
                ],
                [
                    0.0,
                    0.0,
                    0.0,
                    1.0
                ]
            ]
        },
        {
            "file_path": "./train/r_25",
            "rotation": 0.031415926535897934,
            "transform_matrix": [
                [
                    0.42345333099365234,
                    -0.8842341899871826,
                    0.1970209777355194,
                    0.7942169904708862
                ],
                [
                    0.9059178829193115,
                    0.4133177399635315,
                    -0.09209354966878891,
                    -0.3712409734725952
                ],
                [
                    0.0,
                    0.21748191118240356,
                    0.9760643243789673,
                    3.934641122817993
                ],
                [
                    0.0,
                    0.0,
                    0.0,
                    1.0
                ]
            ]
        },
        {
            "file_path": "./train/r_26",
            "rotation": 0.031415926535897934,
            "transform_matrix": [
                [
                    0.12026973068714142,
                    -0.8539538383483887,
                    0.5062589049339294,
                    2.040794849395752
                ],
                [
                    0.9927413463592529,
                    0.10345574468374252,
                    -0.061332818120718,
                    -0.24724049866199493
                ],
                [
                    3.725290742551124e-09,
                    0.5099605321884155,
                    0.8601977825164795,
                    3.4675681591033936
                ],
                [
                    0.0,
                    0.0,
                    0.0,
                    1.0
                ]
            ]
        },
        {
            "file_path": "./train/r_27",
            "rotation": 0.031415926535897934,
            "transform_matrix": [
                [
                    -0.574029803276062,
                    -0.1048412173986435,
                    0.8120949268341064,
                    3.2736594676971436
                ],
                [
                    0.8188345432281494,
                    -0.07349711656570435,
                    0.5693051218986511,
                    2.2949423789978027
                ],
                [
                    -7.450581485102248e-09,
                    0.9917693734169006,
                    0.12803712487220764,
                    0.5161341428756714
                ],
                [
                    0.0,
                    0.0,
                    0.0,
                    1.0
                ]
            ]
        },
        {
            "file_path": "./train/r_28",
            "rotation": 0.031415926535897934,
            "transform_matrix": [
                [
                    0.7114272117614746,
                    -0.4770618677139282,
                    0.5160263776779175,
                    2.0801689624786377
                ],
                [
                    0.7027596831321716,
                    0.4829457402229309,
                    -0.5223908424377441,
                    -2.1058249473571777
                ],
                [
                    1.4901161193847656e-08,
                    0.7342855930328369,
                    0.6788405776023865,
                    2.7364938259124756
                ],
                [
                    0.0,
                    0.0,
                    0.0,
                    1.0
                ]
            ]
        },
        {
            "file_path": "./train/r_29",
            "rotation": 0.031415926535897934,
            "transform_matrix": [
                [
                    -0.37120887637138367,
                    -0.5435852408409119,
                    0.7528074383735657,
                    3.0346639156341553
                ],
                [
                    0.9285494089126587,
                    -0.21731063723564148,
                    0.3009520173072815,
                    1.2131763696670532
                ],
                [
                    0.0,
                    0.8107348680496216,
                    0.5854133367538452,
                    2.3598766326904297
                ],
                [
                    0.0,
                    0.0,
                    0.0,
                    1.0
                ]
            ]
        },
        {
            "file_path": "./train/r_30",
            "rotation": 0.031415926535897934,
            "transform_matrix": [
                [
                    -0.8396269083023071,
                    -0.17553700506687164,
                    0.5140170454978943,
                    2.072068929672241
                ],
                [
                    0.5431636571884155,
                    -0.2713465392589569,
                    0.7945717573165894,
                    3.203021287918091
                ],
                [
                    0.0,
                    0.9463391304016113,
                    0.3231751322746277,
                    1.3027606010437012
                ],
                [
                    0.0,
                    0.0,
                    0.0,
                    1.0
                ]
            ]
        },
        {
            "file_path": "./train/r_31",
            "rotation": 0.031415926535897934,
            "transform_matrix": [
                [
                    -0.8503924012184143,
                    -0.45980703830718994,
                    0.2557540535926819,
                    1.030977725982666
                ],
                [
                    0.5261488556861877,
                    -0.7431668639183044,
                    0.41336461901664734,
                    1.6663261651992798
                ],
                [
                    -1.4901160305669237e-08,
                    0.48608681559562683,
                    0.8739104270935059,
                    3.52284574508667
                ],
                [
                    0.0,
                    0.0,
                    0.0,
                    1.0
                ]
            ]
        },
        {
            "file_path": "./train/r_32",
            "rotation": 0.031415926535897934,
            "transform_matrix": [
                [
                    0.4214978814125061,
                    0.6909404993057251,
                    -0.5873165130615234,
                    -2.367548942565918
                ],
                [
                    -0.9068294763565063,
                    0.32115185260772705,
                    -0.2729870080947876,
                    -1.1004459857940674
                ],
                [
                    1.4901162970204496e-08,
                    0.6476593613624573,
                    0.7619298100471497,
                    3.0714378356933594
                ],
                [
                    0.0,
                    0.0,
                    0.0,
                    1.0
                ]
            ]
        },
        {
            "file_path": "./train/r_33",
            "rotation": 0.031415926535897934,
            "transform_matrix": [
                [
                    0.9975390434265137,
                    -0.06819421052932739,
                    0.016292167827486992,
                    0.06567582488059998
                ],
                [
                    0.07011338323354721,
                    0.9702339768409729,
                    -0.2317970097064972,
                    -0.9344035387039185
                ],
                [
                    -1.862645149230957e-09,
                    0.23236867785453796,
                    0.9726278185844421,
                    3.9207875728607178
                ],
                [
                    0.0,
                    0.0,
                    0.0,
                    1.0
                ]
            ]
        },
        {
            "file_path": "./train/r_34",
            "rotation": 0.031415926535897934,
            "transform_matrix": [
                [
                    -0.06300560384988785,
                    0.17477580904960632,
                    -0.9825903177261353,
                    -3.9609482288360596
                ],
                [
                    -0.9980132579803467,
                    -0.01103377714753151,
                    0.06203193962574005,
                    0.25005874037742615
                ],
                [
                    0.0,
                    0.9845464825630188,
                    0.17512375116348267,
                    0.7059464454650879
                ],
                [
                    0.0,
                    0.0,
                    0.0,
                    1.0
                ]
            ]
        },
        {
            "file_path": "./train/r_35",
            "rotation": 0.031415926535897934,
            "transform_matrix": [
                [
                    -0.40410077571868896,
                    0.7232739925384521,
                    -0.5599799156188965,
                    -2.2573511600494385
                ],
                [
                    -0.914714515209198,
                    -0.3195265829563141,
                    0.24738682806491852,
                    0.9972481727600098
                ],
                [
                    0.0,
                    0.6121909022331238,
                    0.7907100319862366,
                    3.1874539852142334
                ],
                [
                    0.0,
                    0.0,
                    0.0,
                    1.0
                ]
            ]
        },
        {
            "file_path": "./train/r_36",
            "rotation": 0.031415926535897934,
            "transform_matrix": [
                [
                    -0.8091245889663696,
                    0.1402512639760971,
                    -0.5706549286842346,
                    -2.3003835678100586
                ],
                [
                    -0.587637186050415,
                    -0.19311362504959106,
                    0.7857415080070496,
                    3.1674253940582275
                ],
                [
                    7.450580596923828e-09,
                    0.9711006879806519,
                    0.23866987228393555,
                    0.9621090292930603
                ],
                [
                    0.0,
                    0.0,
                    0.0,
                    1.0
                ]
            ]
        },
        {
            "file_path": "./train/r_37",
            "rotation": 0.031415926535897934,
            "transform_matrix": [
                [
                    0.22854439914226532,
                    -0.20411141216754913,
                    0.9518959522247314,
                    3.8372154235839844
                ],
                [
                    0.9735335111618042,
                    0.047916702926158905,
                    -0.22346481680870056,
                    -0.900815486907959
                ],
                [
                    3.725290742551124e-09,
                    0.9777742624282837,
                    0.2096603661775589,
                    0.8451679944992065
                ],
                [
                    0.0,
                    0.0,
                    0.0,
                    1.0
                ]
            ]
        },
        {
            "file_path": "./train/r_38",
            "rotation": 0.031415926535897934,
            "transform_matrix": [
                [
                    0.5058709383010864,
                    0.631070077419281,
                    -0.588085949420929,
                    -2.370650291442871
                ],
                [
                    -0.8626091480255127,
                    0.37008652091026306,
                    -0.34487879276275635,
                    -1.3902509212493896
                ],
                [
                    0.0,
                    0.6817525029182434,
                    0.7315828800201416,
                    2.9491050243377686
                ],
                [
                    0.0,
                    0.0,
                    0.0,
                    1.0
                ]
            ]
        },
        {
            "file_path": "./train/r_39",
            "rotation": 0.031415926535897934,
            "transform_matrix": [
                [
                    0.6123834252357483,
                    0.15115457773208618,
                    -0.7759760618209839,
                    -3.1280596256256104
                ],
                [
                    -0.7905610203742981,
                    0.11708717048168182,
                    -0.6010856628417969,
                    -2.423053741455078
                ],
                [
                    -7.450581485102248e-09,
                    0.9815512299537659,
                    0.1911991387605667,
                    0.7707483768463135
                ],
                [
                    0.0,
                    0.0,
                    0.0,
                    1.0
                ]
            ]
        },
        {
            "file_path": "./train/r_40",
            "rotation": 0.031415926535897934,
            "transform_matrix": [
                [
                    0.11608356237411499,
                    -0.8259719014167786,
                    0.5516293048858643,
                    2.223688840866089
                ],
                [
                    0.9932394623756409,
                    0.09653438627719879,
                    -0.06447095423936844,
                    -0.25989073514938354
                ],
                [
                    0.0,
                    0.5553839802742004,
                    0.8315939903259277,
                    3.352262496948242
                ],
                [
                    0.0,
                    0.0,
                    0.0,
                    1.0
                ]
            ]
        },
        {
            "file_path": "./train/r_41",
            "rotation": 0.031415926535897934,
            "transform_matrix": [
                [
                    -0.9406371116638184,
                    0.1689930260181427,
                    -0.2943522334098816,
                    -1.186571717262268
                ],
                [
                    -0.3394140303134918,
                    -0.4683398902416229,
                    0.8157548308372498,
                    3.288412570953369
                ],
                [
                    -1.4901161193847656e-08,
                    0.8672364354133606,
                    0.4978965222835541,
                    2.007084846496582
                ],
                [
                    0.0,
                    0.0,
                    0.0,
                    1.0
                ]
            ]
        },
        {
            "file_path": "./train/r_42",
            "rotation": 0.031415926535897934,
            "transform_matrix": [
                [
                    -0.6751394271850586,
                    0.4184013903141022,
                    -0.6075582504272461,
                    -2.449145555496216
                ],
                [
                    -0.7376902103424072,
                    -0.38292399048805237,
                    0.5560417175292969,
                    2.241475820541382
                ],
                [
                    0.0,
                    0.823595404624939,
                    0.5671777129173279,
                    2.2863664627075195
                ],
                [
                    0.0,
                    0.0,
                    0.0,
                    1.0
                ]
            ]
        },
        {
            "file_path": "./train/r_43",
            "rotation": 0.031415926535897934,
            "transform_matrix": [
                [
                    0.07485342025756836,
                    -0.2581706941127777,
                    0.9631950855255127,
                    3.8827638626098633
                ],
                [
                    0.9971945881843567,
                    0.019379325211048126,
                    -0.07230127602815628,
                    -0.29145580530166626
                ],
                [
                    0.0,
                    0.965904951095581,
                    0.25889694690704346,
                    1.043647050857544
                ],
                [
                    0.0,
                    0.0,
                    0.0,
                    1.0
                ]
            ]
        },
        {
            "file_path": "./train/r_44",
            "rotation": 0.031415926535897934,
            "transform_matrix": [
                [
                    -0.40247246623039246,
                    -0.6519545912742615,
                    0.6426282525062561,
                    2.590517282485962
                ],
                [
                    0.9154321551322937,
                    -0.28663375973701477,
                    0.2825334072113037,
                    1.1389286518096924
                ],
                [
                    0.0,
                    0.7019944787025452,
                    0.712182343006134,
                    2.870898962020874
                ],
                [
                    0.0,
                    0.0,
                    0.0,
                    1.0
                ]
            ]
        },
        {
            "file_path": "./train/r_45",
            "rotation": 0.031415926535897934,
            "transform_matrix": [
                [
                    0.22290082275867462,
                    -0.29709169268608093,
                    0.9284674525260925,
                    3.742772102355957
                ],
                [
                    0.9748412370681763,
