{
    "camera_angle_x": 0.5829136371612549,
    "frames": [
        {
            "file_path": "./train/r_0",
            "rotation": 0.012566370614359171,
            "transform_matrix": [
                [
                    0.2979223430156708,
                    0.39112192392349243,
                    -0.8707847595214844,
                    -3.5102450847625732
                ],
                [
                    -0.9545901417732239,
                    0.12206700444221497,
                    -0.27176713943481445,
                    -1.095528244972229
                ],
                [
                    0.0,
                    0.9122079610824585,
                    0.40972766280174255,
                    1.6516648530960083
                ],
                [
                    0.0,
                    0.0,
                    0.0,
                    1.0
                ]
            ]
        },
        {
            "file_path": "./train/r_1",
            "rotation": 0.012566370614359171,
            "transform_matrix": [
                [
                    -0.7461591958999634,
                    -0.4100678265094757,
                    0.5244911313056946,
                    2.1142914295196533
                ],
                [
                    0.6657676696777344,
                    -0.4595835208892822,
                    0.5878235101699829,
                    2.3695924282073975
                ],
                [
                    -2.9802322387695312e-08,
                    0.7877991199493408,
                    0.615932285785675,
                    2.4829025268554688
                ],
                [
                    0.0,
                    0.0,
                    0.0,
                    1.0
                ]
            ]
        },
        {
            "file_path": "./train/r_2",
            "rotation": 0.012566370614359171,
            "transform_matrix": [
                [
                    -0.9898523092269897,
                    -0.12432968616485596,
                    0.0688081607222557,
                    0.2773745357990265
                ],
                [
                    0.14210008084774017,
                    -0.8660658597946167,
                    0.4793094992637634,
                    1.93215811252594
                ],
                [
                    0.0,
                    0.4842231869697571,
                    0.8749446272850037,
                    3.5270140171051025
                ],
                [
                    0.0,
                    0.0,
                    0.0,
                    1.0
                ]
            ]
        },
        {
            "file_path": "./train/r_3",
            "rotation": 0.012566370614359171,
            "transform_matrix": [
                [
                    0.781539261341095,
                    0.5706905722618103,
                    -0.2520096004009247,
                    -1.0158830881118774
                ],
                [
                    -0.6238561868667603,
                    0.7149357199668884,
                    -0.31570640206336975,
                    -1.2726531028747559
                ],
                [
                    -1.4901161193847656e-08,
                    0.4039546847343445,
                    0.9147791266441345,
                    3.687592029571533
                ],
                [
                    0.0,
                    0.0,
                    0.0,
                    1.0
                ]
            ]
        },
        {
            "file_path": "./train/r_4",
            "rotation": 0.012566370614359171,
            "transform_matrix": [
                [
                    -0.9214379787445068,
                    0.24850541353225708,
                    -0.29865914583206177,
                    -1.2039333581924438
                ],
                [
                    -0.38852572441101074,
                    -0.5893620848655701,
                    0.7083079814910889,
                    2.855280637741089
                ],
                [
                    0.0,
                    0.768698513507843,
                    0.6396113038063049,
                    2.578355312347412
                ],
                [
                    0.0,
                    0.0,
                    0.0,
                    1.0
                ]
            ]
        },
        {
            "file_path": "./train/r_5",
            "rotation": 0.012566370614359171,
            "transform_matrix": [
                [
                    0.08447679877281189,
                    0.43964919447898865,
                    -0.8941881656646729,
                    -3.6045873165130615
                ],
                [
                    -0.9964255094528198,
                    0.03727339208126068,
                    -0.07580913603305817,
                    -0.30559638142585754
                ],
                [
                    0.0,
                    0.8973957896232605,
                    0.44122645258903503,
                    1.7786405086517334
                ],
                [
                    0.0,
                    0.0,
                    0.0,
                    1.0
                ]
            ]
        },
        {
            "file_path": "./train/r_6",
            "rotation": 0.012566370614359171,
            "transform_matrix": [
                [
                    -0.1726393699645996,
                    -0.8532716035842896,
                    0.49206024408340454,
                    1.9835580587387085
                ],
                [
                    0.9849851131439209,
                    -0.1495538204908371,
                    0.08624392002820969,
                    0.3476603329181671
                ],
                [
                    0.0,
                    0.4995609521865845,
                    0.8662788271903992,
                    3.4920811653137207
                ],
                [
                    0.0,
                    0.0,
                    0.0,
                    1.0
                ]
            ]
        },
        {
            "file_path": "./train/r_7",
            "rotation": 0.012566370614359171,
            "transform_matrix": [
                [
                    -0.5405588150024414,
                    -0.5132282376289368,
                    0.6666280627250671,
                    2.6872634887695312
                ],
                [
                    0.8413062691688538,
                    -0.3297610878944397,
                    0.42832404375076294,
                    1.7266292572021484
                ],
                [
                    1.4901162970204496e-08,
                    0.7923725843429565,
                    0.6100374460220337,
                    2.459139347076416
                ],
                [
                    0.0,
                    0.0,
                    0.0,
                    1.0
                ]
            ]
        },
        {
            "file_path": "./train/r_8",
            "rotation": 0.012566370614359171,
            "transform_matrix": [
                [
                    0.47632044553756714,
                    -0.15191011130809784,
                    0.8660499453544617,
                    3.4911580085754395
                ],
                [
                    0.8792717456817627,
                    0.08229297399520874,
                    -0.4691579043865204,
                    -1.891235589981079
                ],
                [
                    0.0,
                    0.984962522983551,
                    0.17276814579963684,
                    0.6964505314826965
                ],
                [
                    0.0,
                    0.0,
                    0.0,
                    1.0
                ]
            ]
        },
        {
            "file_path": "./train/r_9",
            "rotation": 0.012566370614359171,
            "transform_matrix": [
                [
                    -0.22222355008125305,
                    -0.7690284848213196,
                    0.5993428826332092,
                    2.4160282611846924
                ],
                [
                    0.9749958515167236,
                    -0.1752789318561554,
                    0.13660375773906708,
                    0.5506672859191895
                ],
                [
                    7.450582373280668e-09,
                    0.614713191986084,
                    0.7887507081031799,
                    3.1795554161071777
                ],
                [
                    0.0,
                    0.0,
                    0.0,
                    1.0
                ]
            ]
        },
        {
            "file_path": "./train/r_10",
            "rotation": 0.012566370614359171,
            "transform_matrix": [
                [
                    -0.9021445512771606,
                    -0.16131626069545746,
                    0.4001406729221344,
                    1.6130183935165405
                ],
                [
                    0.4314342439174652,
                    -0.3373181223869324,
                    0.8367086052894592,
                    3.37287974357605
                ],
                [
                    -1.4901162970204496e-08,
                    0.9274662137031555,
                    0.37390702962875366,
                    1.5072673559188843
                ],
                [
                    0.0,
                    0.0,
                    0.0,
                    1.0
                ]
            ]
        },
        {
            "file_path": "./train/r_11",
            "rotation": 0.012566370614359171,
            "transform_matrix": [
                [
                    0.36283981800079346,
                    0.8562848567962646,
                    -0.3675915002822876,
                    -1.4818086624145508
                ],
                [
                    -0.9318515062332153,
                    0.33341604471206665,
                    -0.14313100278377533,
                    -0.5769794583320618
                ],
                [
                    0.0,
                    0.39447423815727234,
                    0.918907105922699,
                    3.7042324542999268
                ],
                [
                    0.0,
                    0.0,
                    0.0,
                    1.0
                ]
            ]
        },
        {
            "file_path": "./train/r_12",
            "rotation": 0.012566370614359171,
            "transform_matrix": [
                [
                    -0.9549304842948914,
                    -0.15044371783733368,
                    0.25587984919548035,
                    1.0314847230911255
                ],
                [
                    0.29682961106300354,
                    -0.48399245738983154,
                    0.8231909871101379,
                    3.3183889389038086
                ],
                [
                    0.0,
                    0.8620428442955017,
                    0.5068352818489075,
                    2.043118476867676
                ],
                [
                    0.0,
                    0.0,
                    0.0,
                    1.0
                ]
            ]
        },
        {
            "file_path": "./train/r_13",
            "rotation": 0.012566370614359171,
            "transform_matrix": [
                [
                    -0.8576332926750183,
                    -0.44960084557533264,
                    0.24964822828769684,
                    1.006364107131958
                ],
                [
                    0.5142617225646973,
                    -0.7497984170913696,
                    0.41633784770965576,
                    1.6783113479614258
                ],
                [
                    0.0,
                    0.4854497015476227,
                    0.8742647171020508,
                    3.52427339553833
                ],
                [
                    0.0,
                    0.0,
                    0.0,
                    1.0
                ]
            ]
        },
        {
            "file_path": "./train/r_14",
            "rotation": 0.012566370614359171,
            "transform_matrix": [
                [
                    -0.1421172320842743,
                    0.2866038978099823,
                    -0.9474496841430664,
                    -3.819291830062866
                ],
                [
                    -0.9898499250411987,
                    -0.041149020195007324,
                    0.13602963089942932,
                    0.5483529567718506
                ],
                [
                    -3.725290742551124e-09,
                    0.9571650624275208,
                    0.2895428240299225,
                    1.1671844720840454
                ],
                [
                    0.0,
                    0.0,
                    0.0,
                    1.0
                ]
            ]
        },
        {
            "file_path": "./train/r_15",
            "rotation": 0.012566370614359171,
            "transform_matrix": [
                [
                    -0.1822570264339447,
                    -0.3781013786792755,
                    0.9076463580131531,
                    3.658838987350464
                ],
                [
                    0.9832509756088257,
                    -0.07008548825979233,
                    0.16824281215667725,
                    0.6782084107398987
                ],
                [
                    -7.450581485102248e-09,
                    0.9231073260307312,
                    0.3845422565937042,
                    1.5501391887664795
                ],
                [
                    0.0,
                    0.0,
                    0.0,
                    1.0
                ]
            ]
        },
        {
            "file_path": "./train/r_16",
            "rotation": 0.012566370614359171,
            "transform_matrix": [
                [
                    -0.7857722043991089,
                    0.13828377425670624,
                    -0.602859616279602,
                    -2.4302046298980713
                ],
                [
                    -0.6185160279273987,
                    -0.1756778210401535,
                    0.765882134437561,
                    3.087369203567505
                ],
                [
                    0.0,
                    0.9746870398521423,
                    0.22357355058193207,
                    0.9012537002563477
                ],
                [
                    0.0,
                    0.0,
                    0.0,
                    1.0
                ]
            ]
        },
        {
            "file_path": "./train/r_17",
            "rotation": 0.012566370614359171,
            "transform_matrix": [
                [
                    -0.00859937071800232,
                    0.7281568646430969,
                    -0.6853566765785217,
                    -2.762760877609253
                ],
                [
                    -0.999963104724884,
                    -0.006261921487748623,
                    0.005893853958696127,
                    0.02375888079404831
                ],
                [
                    0.0,
                    0.6853820085525513,
                    0.7281838059425354,
                    2.9354026317596436
                ],
                [
                    0.0,
                    0.0,
                    0.0,
                    1.0
                ]
            ]
        },
        {
            "file_path": "./train/r_18",
            "rotation": 0.012566370614359171,
            "transform_matrix": [
                [
                    0.7462263107299805,
                    -0.5302764177322388,
                    0.40243422985076904,
                    1.62226402759552
                ],
                [
                    0.6656924486160278,
                    0.5944280028343201,
                    -0.4511197507381439,
                    -1.8185216188430786
                ],
                [
                    -1.4901162970204496e-08,
                    0.6045347452163696,
                    0.7965788841247559,
                    3.2111117839813232
                ],
                [
                    0.0,
                    0.0,
                    0.0,
                    1.0
                ]
            ]
        },
        {
            "file_path": "./train/r_19",
            "rotation": 0.012566370614359171,
            "transform_matrix": [
                [
                    -0.15421873331069946,
                    -0.49575281143188477,
                    0.8546613454818726,
                    3.445249557495117
                ],
                [
                    0.9880367517471313,
                    -0.07738008350133896,
                    0.13340069353580475,
                    0.5377553105354309
                ],
                [
                    0.0,
                    0.865009605884552,
                    0.5017554759979248,
                    2.0226407051086426
                ],
                [
                    0.0,
                    0.0,
                    0.0,
                    1.0
                ]
            ]
        },
        {
            "file_path": "./train/r_20",
            "rotation": 0.012566370614359171,
            "transform_matrix": [
                [
                    0.96356201171875,
                    -0.24127452075481415,
                    0.11547728627920151,
                    0.4655037820339203
                ],
                [
                    0.2674853503704071,
                    0.8691428303718567,
                    -0.415983647108078,
                    -1.6768834590911865
                ],
                [
                    0.0,
                    0.43171441555023193,
                    0.902010440826416,
                    3.636119842529297
                ],
                [
                    0.0,
                    0.0,
                    0.0,
                    1.0
                ]
            ]
        },
        {
            "file_path": "./train/r_21",
            "rotation": 0.012566370614359171,
            "transform_matrix": [
                [
                    -0.3709055483341217,
                    -0.7740567922592163,
                    0.5130938291549683,
                    2.068347215652466
                ],
                [
                    0.9286706447601318,
                    -0.3091537058353424,
                    0.20492663979530334,
                    0.8260855674743652
                ],
                [
                    1.4901162970204496e-08,
                    0.5525034666061401,
                    0.8335106372833252,
                    3.3599884510040283
                ],
                [
                    0.0,
                    0.0,
                    0.0,
                    1.0
                ]
            ]
        },
        {
            "file_path": "./train/r_22",
            "rotation": 0.012566370614359171,
            "transform_matrix": [
                [
                    0.26474320888519287,
                    -0.543695330619812,
                    0.796433687210083,
                    3.210526466369629
                ],
                [
                    0.9643189907073975,
                    0.1492656022310257,
                    -0.2186521589756012,
                    -0.8814149498939514
                ],
                [
                    7.450580596923828e-09,
                    0.8259027004241943,
                    0.5638127326965332,
                    2.272801637649536
                ],
                [
                    0.0,
                    0.0,
                    0.0,
                    1.0
                ]
            ]
        },
        {
            "file_path": "./train/r_23",
            "rotation": 0.012566370614359171,
            "transform_matrix": [
                [
                    0.5006105303764343,
                    -0.4829693138599396,
                    0.7184217572212219,
                    2.896050453186035
                ],
                [
                    0.8656725883483887,
                    0.27929672598838806,
                    -0.41545674204826355,
                    -1.6747595071792603
                ],
                [
                    0.0,
                    0.8299000263214111,
                    0.5579122304916382,
                    2.2490158081054688
                ],
                [
                    0.0,
                    0.0,
                    0.0,
                    1.0
                ]
            ]
        },
        {
            "file_path": "./train/r_24",
            "rotation": 0.012566370614359171,
            "transform_matrix": [
                [
                    0.7313601970672607,
                    0.2373003363609314,
                    -0.6393752694129944,
                    -2.577404022216797
                ],
                [
                    -0.6819913387298584,
                    0.2544783353805542,
                    -0.6856592297554016,
                    -2.7639806270599365
                ],
                [
                    0.0,
                    0.937512218952179,
                    0.3479521572589874,
                    1.4026398658752441
                ],
                [
                    0.0,
                    0.0,
                    0.0,
                    1.0
                ]
            ]
        },
        {
            "file_path": "./train/r_25",
            "rotation": 0.012566370614359171,
            "transform_matrix": [
                [
                    0.03331037983298302,
                    0.2361779361963272,
                    -0.9711388349533081,
                    -3.914785385131836
                ],
                [
                    -0.9994450807571411,
                    0.007871543988585472,
                    -0.03236696124076843,
                    -0.13047537207603455
                ],
                [
                    0.0,
                    0.9716777801513672,
                    0.23630914092063904,
                    0.9525924921035767
                ],
                [
                    0.0,
                    0.0,
                    0.0,
                    1.0
                ]
            ]
        },
        {
            "file_path": "./train/r_26",
            "rotation": 0.012566370614359171,
            "transform_matrix": [
                [
                    0.3560939133167267,
                    0.6605681777000427,
                    -0.6609439253807068,
                    -2.6643500328063965
                ],
                [
                    -0.9344502687454224,
                    0.2517247796058655,
                    -0.25186797976493835,
                    -1.0153121948242188
                ],
                [
                    0.0,
                    0.7073076367378235,
                    0.7069057822227478,
                    2.849628210067749
                ],
                [
                    0.0,
                    0.0,
                    0.0,
                    1.0
                ]
            ]
        },
        {
            "file_path": "./train/r_27",
            "rotation": 0.012566370614359171,
            "transform_matrix": [
                [
                    -0.8452828526496887,
                    0.2779562771320343,
                    -0.45633038878440857,
                    -1.8395264148712158
                ],
                [
                    -0.534319281578064,
                    -0.4397214651107788,
                    0.7219058275222778,
                    2.91009521484375
                ],
                [
                    0.0,
                    0.8540405631065369,
                    0.5202064514160156,
                    2.0970189571380615
                ],
                [
                    0.0,
                    0.0,
                    0.0,
                    1.0
                ]
            ]
        },
        {
            "file_path": "./train/r_28",
            "rotation": 0.012566370614359171,
            "transform_matrix": [
                [
                    -0.9335481524467468,
                    0.056229833513498306,
                    -0.35401448607444763,
                    -1.4270778894424438
                ],
                [
                    -0.35845229029655457,
                    -0.1464441865682602,
                    0.9219903945922852,
                    3.7166616916656494
                ],
                [
                    0.0,
                    0.9876195192337036,
                    0.15686841309070587,
                    0.6323567628860474
                ],
                [
                    0.0,
                    0.0,
                    0.0,
                    1.0
                ]
            ]
        },
        {
            "file_path": "./train/r_29",
            "rotation": 0.012566370614359171,
            "transform_matrix": [
                [
                    0.5683133006095886,
                    -0.10983791947364807,
                    0.8154482245445251,
                    3.2871763706207275
                ],
                [
                    0.8228121995925903,
                    0.07586463540792465,
                    -0.5632269978523254,
                    -2.2704403400421143
                ],
                [
                    3.725290076417309e-09,
                    0.9910500645637512,
                    0.13349087536334991,
                    0.5381188988685608
                ],
                [
                    0.0,
                    0.0,
                    0.0,
                    1.0
                ]
            ]
        },
        {
            "file_path": "./train/r_30",
            "rotation": 0.012566370614359171,
            "transform_matrix": [
                [
                    0.08208096027374268,
                    0.6967862844467163,
                    -0.7125667929649353,
                    -2.872448682785034
                ],
                [
                    -0.9966257214546204,
                    0.057386528700590134,
                    -0.058686185628175735,
                    -0.23657158017158508
                ],
                [
                    3.725290742551124e-09,
                    0.714979350566864,
                    0.699145495891571,
                    2.818345546722412
                ],
                [
                    0.0,
                    0.0,
                    0.0,
                    1.0
                ]
            ]
        },
        {
            "file_path": "./train/r_31",
            "rotation": 0.012566370614359171,
            "transform_matrix": [
                [
                    0.27594077587127686,
                    0.9487532377243042,
                    -0.1540260910987854,
                    -0.620898962020874
                ],
                [
                    -0.9611746668815613,
                    0.2723747491836548,
                    -0.044218894094228745,
                    -0.17825204133987427
                ],
                [
                    0.0,
                    0.160247802734375,
                    0.9870769381523132,
                    3.979033946990967
                ],
                [
                    0.0,
                    0.0,
                    0.0,
                    1.0
                ]
            ]
        },
        {
            "file_path": "./train/r_32",
            "rotation": 0.012566370614359171,
            "transform_matrix": [
                [
                    0.42925381660461426,
                    -0.7779861092567444,
                    0.458779513835907,
                    1.8493990898132324
                ],
                [
                    0.9031839370727539,
                    0.3697513937950134,
                    -0.21804292500019073,
                    -0.8789590001106262
                ],
                [
                    0.0,
                    0.5079578757286072,
                    0.8613819479942322,
                    3.472341299057007
                ],
                [
                    0.0,
                    0.0,
                    0.0,
                    1.0
                ]
            ]
        },
        {
            "file_path": "./train/r_33",
            "rotation": 0.012566370614359171,
            "transform_matrix": [
                [
                    0.9852029085159302,
                    0.10480355471372604,
                    -0.13561522960662842,
                    -0.5466824173927307
                ],
                [
                    -0.17139217257499695,
                    0.6024357676506042,
                    -0.7795486450195312,
                    -3.142460584640503
                ],
                [
                    0.0,
                    0.7912569046020508,
                    0.6114839911460876,
                    2.464970588684082
                ],
                [
                    0.0,
                    0.0,
                    0.0,
                    1.0
                ]
            ]
        },
        {
            "file_path": "./train/r_34",
            "rotation": 0.012566370614359171,
            "transform_matrix": [
                [
                    -0.6693453192710876,
                    0.707223117351532,
                    -0.2276231050491333,
                    -0.9175781011581421
                ],
                [
                    -0.742951512336731,
                    -0.6371566653251648,
                    0.20507189631462097,
                    0.8266712427139282
                ],
                [
                    1.4901162970204496e-08,
                    0.3063768148422241,
                    0.9519103169441223,
                    3.837273120880127
                ],
                [
                    0.0,
                    0.0,
                    0.0,
                    1.0
                ]
            ]
        },
        {
            "file_path": "./train/r_35",
            "rotation": 0.012566370614359171,
            "transform_matrix": [
                [
                    0.9500027298927307,
                    -0.07833904772996902,
                    0.3022546172142029,
                    1.218427062034607
                ],
                [
                    0.3122416138648987,
                    0.23834845423698425,
                    -0.9196170568466187,
                    -3.7070939540863037
                ],
                [
                    0.0,
                    0.9680148363113403,
                    0.2508924603462219,
                    1.011379599571228
                ],
                [
                    0.0,
                    0.0,
                    0.0,
                    1.0
                ]
            ]
        },
        {
            "file_path": "./train/r_36",
            "rotation": 0.012566370614359171,
            "transform_matrix": [
                [
                    0.9202802181243896,
                    0.11037394404411316,
                    -0.3753691613674164,
                    -1.513161301612854
                ],
                [
                    -0.391260027885437,
                    0.2596098482608795,
                    -0.8829033970832825,
                    -3.5590970516204834
                ],
                [
                    0.0,
                    0.959385335445404,
                    0.2820987403392792,
                    1.137176275253296
                ],
                [
                    0.0,
                    0.0,
                    0.0,
                    1.0
                ]
            ]
        },
        {
            "file_path": "./train/r_37",
            "rotation": 0.012566370614359171,
            "transform_matrix": [
                [
                    -0.7132773995399475,
                    -0.10628829896450043,
                    0.6927757263183594,
                    2.792668104171753
                ],
                [
                    0.700881838798523,
                    -0.10816808044910431,
                    0.7050279378890991,
                    2.8420581817626953
                ],
                [
                    0.0,
                    0.9884343147277832,
                    0.15164940059185028,
                    0.6113182306289673
                ],
                [
                    0.0,
                    0.0,
                    0.0,
                    1.0
                ]
            ]
        },
        {
            "file_path": "./train/r_38",
            "rotation": 0.012566370614359171,
            "transform_matrix": [
                [
                    0.30218884348869324,
                    0.2324225753545761,
                    -0.9244792461395264,
                    -3.7266945838928223
                ],
                [
                    -0.9532480835914612,
                    0.07368019968271255,
                    -0.2930688261985779,
                    -1.1813981533050537
                ],
                [
                    0.0,
                    0.9698200821876526,
                    0.24382174015045166,
                    0.9828767776489258
                ],
                [
                    0.0,
                    0.0,
                    0.0,
                    1.0
                ]
            ]
        },
        {
            "file_path": "./train/r_39",
            "rotation": 0.012566370614359171,
            "transform_matrix": [
                [
                    -0.9972491264343262,
                    -0.04804983735084534,
                    0.05643947049975395,
                    0.22751475870609283
                ],
                [
                    0.07412286847829819,
                    -0.6464625000953674,
                    0.7593366503715515,
                    3.060983419418335
                ],
                [
                    0.0,
                    0.761431097984314,
                    0.6482458114624023,
                    2.6131622791290283
                ],
                [
                    0.0,
                    0.0,
                    0.0,
                    1.0
                ]
            ]
        },
        {
            "file_path": "./train/r_40",
            "rotation": 0.012566370614359171,
            "transform_matrix": [
                [
                    0.2579764723777771,
                    -0.48544225096702576,
                    0.8353407382965088,
                    3.367365837097168
                ],
                [
                    0.966151237487793,
                    0.12962017953395844,
                    -0.22304818034172058,
                    -0.8991358280181885
                ],
                [
                    -7.450580596923828e-09,
                    0.8646065592765808,
                    0.5024495720863342,
                    2.0254387855529785
                ],
                [
                    0.0,
                    0.0,
                    0.0,
                    1.0
                ]
            ]
        },
        {
            "file_path": "./train/r_41",
            "rotation": 0.012566370614359171,
            "transform_matrix": [
                [
                    0.9599543809890747,
                    -0.15940546989440918,
                    0.2303856462240219,
                    0.9287140965461731
                ],
                [
                    0.2801564335823059,
                    0.5462018847465515,
                    -0.7894150018692017,
                    -3.1822330951690674
                ],
                [
                    -1.4901161193847656e-08,
                    0.8223462700843811,
                    0.5689874291419983,
                    2.29366135597229
                ],
                [
                    0.0,
                    0.0,
                    0.0,
                    1.0
                ]
            ]
        },
        {
            "file_path": "./train/r_42",
            "rotation": 0.012566370614359171,
            "transform_matrix": [
                [
                    -0.06422721594572067,
                    -0.2740005552768707,
                    0.9595826268196106,
                    3.8682007789611816
                ],
                [
                    0.9979352951049805,
                    -0.01763470470905304,
                    0.06175883859395981,
                    0.2489578127861023
                ],
                [
                    0.0,
                    0.9615678787231445,
                    0.27456751465797424,
                    1.1068168878555298
                ],
                [
                    0.0,
                    0.0,
                    0.0,
                    1.0
                ]
            ]
        },
        {
            "file_path": "./train/r_43",
            "rotation": 0.012566370614359171,
            "transform_matrix": [
                [
                    0.6650835871696472,
                    -0.3980226516723633,
                    0.6318557262420654,
                    2.5470919609069824
                ],
                [
                    0.7467687726020813,
                    0.35448500514030457,
                    -0.5627402663230896,
                    -2.2684786319732666
                ],
                [
                    0.0,
                    0.8461195230484009,
                    0.5329930782318115,
                    2.148563861846924
                ],
                [
                    0.0,
                    0.0,
                    0.0,
                    1.0
                ]
            ]
        },
        {
            "file_path": "./train/r_44",
            "rotation": 0.012566370614359171,
            "transform_matrix": [
                [
                    -0.9299947023391724,
                    -0.3570791482925415,
                    0.08720280230045319,
                    0.3515257239341736
                ],
                [
                    0.3675729036331177,
                    -0.9034444689750671,
                    0.22063148021697998,
                    0.8893938064575195
                ],
                [
                    -7.450580596923828e-09,
                    0.2372395396232605,
                    0.9714512825012207,
                    3.9160449504852295
                ],
                [
                    0.0,
                    0.0,
                    0.0,
                    1.0
                ]
            ]
        },
        {
            "file_path": "./train/r_45",
            "rotation": 0.012566370614359171,
            "transform_matrix": [
                [
                    -0.2773984670639038,
                    0.6142356991767883,
                    -0.7387588620185852,
                    -2.978031873703003
                ],
                [
                    -0.9607550501823425,
                    -0.1773480623960495,
                    0.21330159902572632,
                    0.8598461151123047
                ],
                [
