{
    "camera_angle_x": 0.6911112070083618,
    "frames": [
        {
            "file_path": "./train/r_0",
            "rotation": 0.031415926535897934,
            "transform_matrix": [
                [
                    -0.8975111842155457,
                    0.357080340385437,
                    -0.25878071784973145,
                    -1.0431785583496094
                ],
                [
                    -0.44099190831184387,
                    -0.7267335057258606,
                    0.5266731381416321,
                    2.1230876445770264
                ],
                [
                    1.4901162970204496e-08,
                    0.5868152976036072,
                    0.8097207546234131,
                    3.2640891075134277
                ],
                [
                    0.0,
                    0.0,
                    0.0,
                    1.0
                ]
            ]
        },
        {
            "file_path": "./train/r_1",
            "rotation": 0.031415926535897934,
            "transform_matrix": [
                [
                    -0.14748099446296692,
                    0.43654534220695496,
                    -0.8875120282173157,
                    -3.5776753425598145
                ],
                [
                    -0.9890649318695068,
                    -0.06509394943714142,
                    0.132338285446167,
                    0.5334727168083191
                ],
                [
                    -3.725290298461914e-09,
                    0.8973245024681091,
                    0.44137170910835266,
                    1.779226303100586
                ],
                [
                    0.0,
                    0.0,
                    0.0,
                    1.0
                ]
            ]
        },
        {
            "file_path": "./train/r_2",
            "rotation": 0.031415926535897934,
            "transform_matrix": [
                [
                    0.8816220164299011,
                    -0.4190395176410675,
                    0.21713730692863464,
                    0.8753085136413574
                ],
                [
                    0.4719562232494354,
                    0.7827727794647217,
                    -0.40561607480049133,
                    -1.6350908279418945
                ],
                [
                    0.0,
                    0.4600794017314911,
                    0.8878777027130127,
                    3.5791497230529785
                ],
                [
                    0.0,
                    0.0,
                    0.0,
                    1.0
                ]
            ]
        },
        {
            "file_path": "./train/r_3",
            "rotation": 0.031415926535897934,
            "transform_matrix": [
                [
                    0.7432061433792114,
                    -0.6627842783927917,
                    0.09144225716590881,
                    0.3686155676841736
                ],
                [
                    0.6690625548362732,
                    0.7362321019172668,
                    -0.10157562047243118,
                    -0.40946444869041443
                ],
                [
                    0.0,
                    0.13667240738868713,
                    0.9906162619590759,
                    3.9933021068573
                ],
                [
                    0.0,
                    0.0,
                    0.0,
                    1.0
                ]
            ]
        },
        {
            "file_path": "./train/r_4",
            "rotation": 0.031415926535897934,
            "transform_matrix": [
                [
                    0.22706139087677002,
                    -0.21271094679832458,
                    0.9503667950630188,
                    3.8310513496398926
                ],
                [
                    0.973880410194397,
                    0.049593813717365265,
                    -0.2215791642665863,
                    -0.893214225769043
                ],
                [
                    0.0,
                    0.9758560061454773,
                    0.21841582655906677,
                    0.8804624080657959
                ],
                [
                    0.0,
                    0.0,
                    0.0,
                    1.0
                ]
            ]
        },
        {
            "file_path": "./train/r_5",
            "rotation": 0.031415926535897934,
            "transform_matrix": [
                [
                    -0.8081803321838379,
                    -0.37705615162849426,
                    0.45240819454193115,
                    1.8237159252166748
                ],
                [
                    0.5889350771903992,
                    -0.5174244046211243,
                    0.6208280324935913,
                    2.502638101577759
                ],
                [
                    1.4901161193847656e-08,
                    0.7681803107261658,
                    0.6402336359024048,
                    2.580864667892456
                ],
                [
                    0.0,
                    0.0,
                    0.0,
                    1.0
                ]
            ]
        },
        {
            "file_path": "./train/r_6",
            "rotation": 0.031415926535897934,
            "transform_matrix": [
                [
                    -0.5823290348052979,
                    -0.7032669186592102,
                    0.4078095257282257,
                    1.643932819366455
                ],
                [
                    0.8129532933235168,
                    -0.5037592649459839,
                    0.2921192944049835,
                    1.1775705814361572
                ],
                [
                    -1.4901162970204496e-08,
                    0.501639723777771,
                    0.8650766611099243,
                    3.4872355461120605
                ],
                [
                    0.0,
                    0.0,
                    0.0,
                    1.0
                ]
            ]
        },
        {
            "file_path": "./train/r_7",
            "rotation": 0.031415926535897934,
            "transform_matrix": [
                [
                    -0.30379819869995117,
                    -0.40180152654647827,
                    0.8638646602630615,
                    3.4823498725891113
                ],
                [
                    0.9527363777160645,
                    -0.12812209129333496,
                    0.27545976638793945,
                    1.1104137897491455
                ],
                [
                    -7.450580596923828e-09,
                    0.9067196249961853,
                    0.42173412442207336,
                    1.7000646591186523
                ],
                [
                    0.0,
                    0.0,
                    0.0,
                    1.0
                ]
            ]
        },
        {
            "file_path": "./train/r_8",
            "rotation": 0.031415926535897934,
            "transform_matrix": [
                [
                    -0.9580931663513184,
                    -0.22140854597091675,
                    0.18175756931304932,
                    0.7326882481575012
                ],
                [
                    0.2864568829536438,
                    -0.740530252456665,
                    0.6079123616218567,
                    2.450573444366455
                ],
                [
                    -1.4901161193847656e-08,
                    0.6345024704933167,
                    0.7729207873344421,
                    3.115743637084961
                ],
                [
                    0.0,
                    0.0,
                    0.0,
                    1.0
                ]
            ]
        },
        {
            "file_path": "./train/r_9",
            "rotation": 0.031415926535897934,
            "transform_matrix": [
                [
                    -0.4697002172470093,
                    0.3387231230735779,
                    -0.8152596354484558,
                    -3.286417007446289
                ],
                [
                    -0.882826030254364,
                    -0.1802148073911667,
                    0.4337520897388458,
                    1.748510718345642
                ],
                [
                    0.0,
                    0.9234660267829895,
                    0.38368043303489685,
                    1.5466654300689697
                ],
                [
                    0.0,
                    0.0,
                    0.0,
                    1.0
                ]
            ]
        },
        {
            "file_path": "./train/r_10",
            "rotation": 0.031415926535897934,
            "transform_matrix": [
                [
                    -0.7604031562805176,
                    -0.17104846239089966,
                    0.6265217065811157,
                    2.525589942932129
                ],
                [
                    0.6494513154029846,
                    -0.20027026534080505,
                    0.7335562109947205,
                    2.957059860229492
                ],
                [
                    0.0,
                    0.9646940231323242,
                    0.2633737027645111,
                    1.0616934299468994
                ],
                [
                    0.0,
                    0.0,
                    0.0,
                    1.0
                ]
            ]
        },
        {
            "file_path": "./train/r_11",
            "rotation": 0.031415926535897934,
            "transform_matrix": [
                [
                    0.777824878692627,
                    -0.32721611857414246,
                    0.536579966545105,
                    2.163022994995117
                ],
                [
                    0.6284810304641724,
                    0.4049713909626007,
                    -0.6640856266021729,
                    -2.6770148277282715
                ],
                [
                    0.0,
                    0.8537728190422058,
                    0.5206458568572998,
                    2.0987906455993652
                ],
                [
                    0.0,
                    0.0,
                    0.0,
                    1.0
                ]
            ]
        },
        {
            "file_path": "./train/r_12",
            "rotation": 0.031415926535897934,
            "transform_matrix": [
                [
                    -0.3482256531715393,
                    -0.5824995636940002,
                    0.7344610691070557,
                    2.960707426071167
                ],
                [
                    0.9374107718467712,
                    -0.2163846641778946,
                    0.2728346884250641,
                    1.0998319387435913
                ],
                [
                    1.4901162970204496e-08,
                    0.7834998965263367,
                    0.6213919520378113,
                    2.504911422729492
                ],
                [
                    0.0,
                    0.0,
                    0.0,
                    1.0
                ]
            ]
        },
        {
            "file_path": "./train/r_13",
            "rotation": 0.031415926535897934,
            "transform_matrix": [
                [
                    0.13889822363853455,
                    0.4239949584007263,
                    -0.8949500322341919,
                    -3.607659101486206
                ],
                [
                    -0.9903066158294678,
                    0.059468600898981094,
                    -0.12552371621131897,
                    -0.5060023665428162
                ],
                [
                    0.0,
                    0.903710126876831,
                    0.42814502120018005,
                    1.7259079217910767
                ],
                [
                    0.0,
                    0.0,
                    0.0,
                    1.0
                ]
            ]
        },
        {
            "file_path": "./train/r_14",
            "rotation": 0.031415926535897934,
            "transform_matrix": [
                [
                    -0.9972988367080688,
                    -0.06959259510040283,
                    0.02349577099084854,
                    0.09471449255943298
                ],
                [
                    0.07345189154148102,
                    -0.9448989033699036,
                    0.31901565194129944,
                    1.2859933376312256
                ],
                [
                    0.0,
                    0.3198797404766083,
                    0.9474580883979797,
                    3.8193259239196777
                ],
                [
                    0.0,
                    0.0,
                    0.0,
                    1.0
                ]
            ]
        },
        {
            "file_path": "./train/r_15",
            "rotation": 0.031415926535897934,
            "transform_matrix": [
                [
                    -0.0597497783601284,
                    -0.43140292167663574,
                    0.9001785516738892,
                    3.6287360191345215
                ],
                [
                    0.9982134699821472,
                    -0.025822360068559647,
                    0.05388173088431358,
                    0.21720421314239502
                ],
                [
                    -1.862645371275562e-09,
                    0.9017899036407471,
                    0.4321748912334442,
                    1.7421528100967407
                ],
                [
                    0.0,
                    0.0,
                    0.0,
                    1.0
                ]
            ]
        },
        {
            "file_path": "./train/r_16",
            "rotation": 0.031415926535897934,
            "transform_matrix": [
                [
                    0.7992429137229919,
                    0.15708494186401367,
                    -0.580116331577301,
                    -2.3385238647460938
                ],
                [
                    -0.6010080575942993,
                    0.2088974118232727,
                    -0.7714603543281555,
                    -3.109856367111206
                ],
                [
                    -7.450580152834618e-09,
                    0.9652390480041504,
                    0.2613690495491028,
                    1.053612470626831
                ],
                [
                    0.0,
                    0.0,
                    0.0,
                    1.0
                ]
            ]
        },
        {
            "file_path": "./train/r_17",
            "rotation": 0.031415926535897934,
            "transform_matrix": [
                [
                    -0.1516638994216919,
                    0.7796632051467896,
                    -0.6075553297996521,
                    -2.44913387298584
                ],
                [
                    -0.9884320497512817,
                    -0.11963064968585968,
                    0.09322261065244675,
                    0.37579235434532166
                ],
                [
                    -7.450580152834618e-09,
                    0.614665687084198,
                    0.7887876629829407,
                    3.1797046661376953
                ],
                [
                    0.0,
                    0.0,
                    0.0,
                    1.0
                ]
            ]
        },
        {
            "file_path": "./train/r_18",
            "rotation": 0.031415926535897934,
            "transform_matrix": [
                [
                    0.7247616052627563,
                    0.4520723223686218,
                    -0.5199530720710754,
                    -2.0959978103637695
                ],
                [
                    -0.688999593257904,
                    0.4755367636680603,
                    -0.546940803527832,
                    -2.20478892326355
                ],
                [
                    0.0,
                    0.7546492218971252,
                    0.656128466129303,
                    2.6449384689331055
                ],
                [
                    0.0,
                    0.0,
                    0.0,
                    1.0
                ]
            ]
        },
        {
            "file_path": "./train/r_19",
            "rotation": 0.031415926535897934,
            "transform_matrix": [
                [
                    -0.6143344640731812,
                    0.7188295722007751,
                    -0.3253879249095917,
                    -1.3116806745529175
                ],
                [
                    -0.7890456914901733,
                    -0.5596656799316406,
                    0.2533402144908905,
                    1.0212470293045044
                ],
                [
                    -1.4901159417490817e-08,
                    0.412381649017334,
                    0.911011278629303,
                    3.6724038124084473
                ],
                [
                    0.0,
                    0.0,
                    0.0,
                    1.0
                ]
            ]
        },
        {
            "file_path": "./train/r_20",
            "rotation": 0.031415926535897934,
            "transform_matrix": [
                [
                    0.9225848913192749,
                    -0.38403820991516113,
                    0.03676746040582657,
                    0.14821437001228333
                ],
                [
                    0.38579413294792175,
                    0.9183857440948486,
                    -0.08792539685964584,
                    -0.3544386029243469
                ],
                [
                    0.0,
                    0.09530346840620041,
                    0.9954482316970825,
                    4.01278018951416
                ],
                [
                    0.0,
                    0.0,
                    0.0,
                    1.0
                ]
            ]
        },
        {
            "file_path": "./train/r_21",
            "rotation": 0.031415926535897934,
            "transform_matrix": [
                [
                    -0.2546948492527008,
                    -0.16483743488788605,
                    0.9528687596321106,
                    3.841137409210205
                ],
                [
                    0.9670214653015137,
                    -0.04341500625014305,
                    0.2509672939777374,
                    1.0116816759109497
                ],
                [
                    0.0,
                    0.9853649735450745,
                    0.1704588681459427,
                    0.6871417164802551
                ],
                [
                    0.0,
                    0.0,
                    0.0,
                    1.0
                ]
            ]
        },
        {
            "file_path": "./train/r_22",
            "rotation": 0.031415926535897934,
            "transform_matrix": [
                [
                    -0.5692271590232849,
                    0.30370578169822693,
                    -0.7640308737754822,
                    -3.079907178878784
                ],
                [
                    -0.8221801519393921,
                    -0.21026727557182312,
                    0.528968095779419,
                    2.132338762283325
                ],
                [
                    -1.4901158529312397e-08,
                    0.9292743802070618,
                    0.36939066648483276,
                    1.4890614748001099
                ],
                [
                    0.0,
                    0.0,
                    0.0,
                    1.0
                ]
            ]
        },
        {
            "file_path": "./train/r_23",
            "rotation": 0.031415926535897934,
            "transform_matrix": [
                [
                    0.6117854714393616,
                    0.3872397541999817,
                    -0.689756453037262,
                    -2.7804970741271973
                ],
                [
                    -0.7910237312316895,
                    0.29949501156806946,
                    -0.5334643721580505,
                    -2.150463581085205
                ],
                [
                    1.4901159417490817e-08,
                    0.8719795942306519,
                    0.4895423948764801,
                    1.9734084606170654
                ],
                [
                    0.0,
                    0.0,
                    0.0,
                    1.0
                ]
            ]
        },
        {
            "file_path": "./train/r_24",
            "rotation": 0.031415926535897934,
            "transform_matrix": [
                [
                    0.986329197883606,
                    -0.13860832154750824,
                    0.08912051469087601,
                    0.3592563271522522
                ],
                [
                    0.1647869050502777,
                    0.8296377062797546,
                    -0.5334292650222778,
                    -2.150322437286377
                ],
                [
                    0.0,
                    0.5408228039741516,
                    0.8411365151405334,
                    3.3907299041748047
                ],
                [
                    0.0,
                    0.0,
                    0.0,
                    1.0
                ]
            ]
        },
        {
            "file_path": "./train/r_25",
            "rotation": 0.031415926535897934,
            "transform_matrix": [
                [
                    -0.7065342664718628,
                    -0.5421454906463623,
                    0.4548490345478058,
                    1.8335553407669067
                ],
                [
                    0.7076788544654846,
                    -0.5412686467170715,
                    0.4541133642196655,
                    1.830589771270752
                ],
                [
                    0.0,
                    0.6427338123321533,
                    0.7660894989967346,
                    3.0882060527801514
                ],
                [
                    0.0,
                    0.0,
                    0.0,
                    1.0
                ]
            ]
        },
        {
            "file_path": "./train/r_26",
            "rotation": 0.031415926535897934,
            "transform_matrix": [
                [
                    0.44033151865005493,
                    -0.5372536778450012,
                    0.7193515300750732,
                    2.899799108505249
                ],
                [
                    0.8978352546691895,
                    0.2634890079498291,
                    -0.3527965247631073,
                    -1.4221683740615845
                ],
                [
                    0.0,
                    0.8012068271636963,
                    0.5983876585960388,
                    2.4121780395507812
                ],
                [
                    0.0,
                    0.0,
                    0.0,
                    1.0
                ]
            ]
        },
        {
            "file_path": "./train/r_27",
            "rotation": 0.031415926535897934,
            "transform_matrix": [
                [
                    -0.989549458026886,
                    -0.1011303961277008,
                    0.10278405994176865,
                    0.41433581709861755
                ],
                [
                    0.14419403672218323,
                    -0.6940198540687561,
                    0.7053683400154114,
                    2.843430995941162
                ],
                [
                    0.0,
                    0.7128178477287292,
                    0.7013491988182068,
                    2.8272292613983154
                ],
                [
                    0.0,
                    0.0,
                    0.0,
                    1.0
                ]
            ]
        },
        {
            "file_path": "./train/r_28",
            "rotation": 0.031415926535897934,
            "transform_matrix": [
                [
                    0.8375988602638245,
                    0.07452558726072311,
                    -0.5411784648895264,
                    -2.1815602779388428
                ],
                [
                    -0.54628586769104,
                    0.11426719278097153,
                    -0.8297679424285889,
                    -3.3449015617370605
                ],
                [
                    0.0,
                    0.9906509518623352,
                    0.1364223062992096,
                    0.5499358773231506
                ],
                [
                    0.0,
                    0.0,
                    0.0,
                    1.0
                ]
            ]
        },
        {
            "file_path": "./train/r_29",
            "rotation": 0.031415926535897934,
            "transform_matrix": [
                [
                    -0.5189864635467529,
                    -0.2468685805797577,
                    0.8183574080467224,
                    3.2989044189453125
                ],
                [
                    0.8547824025154114,
                    -0.1498878002166748,
                    0.49687081575393677,
                    2.002950429916382
                ],
                [
                    7.450580152834618e-09,
                    0.9573869705200195,
                    0.2888086438179016,
                    1.1642249822616577
                ],
                [
                    0.0,
                    0.0,
                    0.0,
                    1.0
                ]
            ]
        },
        {
            "file_path": "./train/r_30",
            "rotation": 0.031415926535897934,
            "transform_matrix": [
                [
                    -0.026409968733787537,
                    0.5162694454193115,
                    -0.8560189604759216,
                    -3.4507226943969727
                ],
                [
                    -0.9996511936187744,
                    -0.013639417476952076,
                    0.02261532098054886,
                    0.09116527438163757
                ],
                [
                    0.0,
                    0.8563177585601807,
                    0.5164495706558228,
                    2.0818748474121094
                ],
                [
                    0.0,
                    0.0,
                    0.0,
                    1.0
                ]
            ]
        },
        {
            "file_path": "./train/r_31",
            "rotation": 0.031415926535897934,
            "transform_matrix": [
                [
                    0.9390856027603149,
                    -0.16404865682125092,
                    0.30200374126434326,
                    1.2174161672592163
                ],
                [
                    0.3436833620071411,
                    0.44824907183647156,
                    -0.8251996636390686,
                    -3.326486587524414
                ],
                [
                    0.0,
                    0.8787269592285156,
                    0.4773249626159668,
                    1.9241585731506348
                ],
                [
                    0.0,
                    0.0,
                    0.0,
                    1.0
                ]
            ]
        },
        {
            "file_path": "./train/r_32",
            "rotation": 0.031415926535897934,
            "transform_matrix": [
                [
                    0.8644928336143494,
                    -0.2766685485839844,
                    0.4196505844593048,
                    1.6916656494140625
                ],
                [
                    0.5026450157165527,
                    0.47583869099617004,
                    -0.7217516899108887,
                    -2.9094741344451904
                ],
                [
                    1.4901160305669237e-08,
                    0.8348845839500427,
                    0.5504251718521118,
                    2.21883487701416
                ],
                [
                    0.0,
                    0.0,
                    0.0,
                    1.0
                ]
            ]
        },
        {
            "file_path": "./train/r_33",
            "rotation": 0.031415926535897934,
            "transform_matrix": [
                [
                    0.9293704628944397,
                    0.14216157793998718,
                    -0.34067660570144653,
                    -1.3733114004135132
                ],
                [
                    -0.369148313999176,
                    0.3579069972038269,
                    -0.8576899170875549,
                    -3.457458972930908
                ],
                [
                    -7.450580152834618e-09,
                    0.9228721261024475,
                    0.3851068317890167,
                    1.552415370941162
                ],
                [
                    0.0,
                    0.0,
                    0.0,
                    1.0
                ]
            ]
        },
        {
            "file_path": "./train/r_34",
            "rotation": 0.031415926535897934,
            "transform_matrix": [
                [
                    -0.3736419975757599,
                    0.5184972882270813,
                    -0.7691243290901184,
                    -3.1004395484924316
                ],
                [
                    -0.927573025226593,
                    -0.2088594138622284,
                    0.3098161816596985,
                    1.2489091157913208
                ],
                [
                    1.4901162970204496e-08,
                    0.8291794061660767,
                    0.5589825510978699,
                    2.253330945968628
                ],
                [
                    0.0,
                    0.0,
                    0.0,
                    1.0
                ]
            ]
        },
        {
            "file_path": "./train/r_35",
            "rotation": 0.031415926535897934,
            "transform_matrix": [
                [
                    0.3688780665397644,
                    0.9046548008918762,
                    -0.21337488293647766,
                    -0.8601417541503906
                ],
                [
                    -0.9294776916503906,
                    0.359026700258255,
                    -0.08468122780323029,
                    -0.34136098623275757
                ],
                [
                    0.0,
                    0.22956423461437225,
                    0.9732934236526489,
                    3.923471450805664
                ],
                [
                    0.0,
                    0.0,
                    0.0,
                    1.0
                ]
            ]
        },
        {
            "file_path": "./train/r_36",
            "rotation": 0.031415926535897934,
            "transform_matrix": [
                [
                    0.40695253014564514,
                    0.6524408459663391,
                    -0.6393048763275146,
                    -2.577120304107666
                ],
                [
                    -0.9134492874145508,
                    0.2906701862812042,
                    -0.2848179340362549,
                    -1.1481378078460693
                ],
                [
                    1.4901160305669237e-08,
                    0.6998799443244934,
                    0.714260458946228,
                    2.8792757987976074
                ],
                [
                    0.0,
                    0.0,
                    0.0,
                    1.0
                ]
            ]
        },
        {
            "file_path": "./train/r_37",
            "rotation": 0.031415926535897934,
            "transform_matrix": [
                [
                    0.668747067451477,
                    -0.7294811606407166,
                    0.14364707469940186,
                    0.5790599584579468
                ],
                [
                    0.7434898614883423,
                    0.6561467051506042,
                    -0.12920629978179932,
                    -0.5208473205566406
                ],
                [
                    7.450580152834618e-09,
                    0.19320662319660187,
                    0.9811579585075378,
                    3.955174684524536
                ],
                [
                    0.0,
                    0.0,
                    0.0,
                    1.0
                ]
            ]
        },
        {
            "file_path": "./train/r_38",
            "rotation": 0.031415926535897934,
            "transform_matrix": [
                [
                    0.35048428177833557,
                    0.6395053267478943,
                    -0.6842467784881592,
                    -2.758287191390991
                ],
                [
                    -0.9365686178207397,
                    0.23931677639484406,
                    -0.2560599744319916,
                    -1.0322109460830688
                ],
                [
                    0.0,
                    0.7305892109870911,
                    0.682817280292511,
                    2.7525248527526855
                ],
                [
                    0.0,
                    0.0,
                    0.0,
                    1.0
                ]
            ]
        },
        {
            "file_path": "./train/r_39",
            "rotation": 0.031415926535897934,
            "transform_matrix": [
                [
                    -0.9822474718093872,
                    -0.12719964981079102,
                    0.1378772109746933,
                    0.5558008551597595
                ],
                [
                    0.187589630484581,
                    -0.6660364270210266,
                    0.7219457626342773,
                    2.9102566242218018
                ],
                [
                    0.0,
                    0.7349938750267029,
                    0.6780737638473511,
                    2.733402967453003
                ],
                [
                    0.0,
                    0.0,
                    0.0,
                    1.0
                ]
            ]
        },
        {
            "file_path": "./train/r_40",
            "rotation": 0.031415926535897934,
            "transform_matrix": [
                [
                    0.1311546415090561,
                    -0.5520864725112915,
                    0.8234068751335144,
                    3.3192594051361084
                ],
                [
                    0.9913618564605713,
                    0.07303962856531143,
                    -0.10893462598323822,
                    -0.4391295611858368
                ],
                [
                    0.0,
                    0.830581545829773,
                    0.5568969249725342,
                    2.2449235916137695
                ],
                [
                    0.0,
                    0.0,
                    0.0,
                    1.0
                ]
            ]
        },
        {
            "file_path": "./train/r_41",
            "rotation": 0.031415926535897934,
            "transform_matrix": [
                [
                    -0.6659561991691589,
                    -0.33298444747924805,
                    0.6675504446029663,
                    2.690981864929199
                ],
                [
                    0.7459907531738281,
                    -0.2972598075866699,
                    0.5959315299987793,
                    2.4022767543792725
                ],
                [
                    -1.4901160305669237e-08,
                    0.8948509693145752,
                    0.4463653266429901,
                    1.79935622215271
                ],
                [
                    0.0,
                    0.0,
                    0.0,
                    1.0
                ]
            ]
        },
        {
            "file_path": "./train/r_42",
            "rotation": 0.031415926535897934,
            "transform_matrix": [
                [
                    0.5822849869728088,
                    0.27698633074760437,
                    -0.7643446326255798,
                    -3.081171989440918
                ],
                [
                    -0.8129847645759583,
                    0.19838622212409973,
                    -0.5474473834037781,
                    -2.206831216812134
                ],
                [
                    0.0,
                    0.9401711225509644,
                    0.3407028615474701,
                    1.3734172582626343
                ],
                [
                    0.0,
                    0.0,
                    0.0,
                    1.0
                ]
            ]
        },
        {
            "file_path": "./train/r_43",
            "rotation": 0.031415926535897934,
            "transform_matrix": [
                [
                    -0.9385935068130493,
                    0.3312409818172455,
                    -0.09654832631349564,
                    -0.3891987204551697
                ],
                [
                    -0.34502485394477844,
                    -0.9010964632034302,
                    0.26264670491218567,
                    1.058762550354004
                ],
                [
                    0.0,
                    0.2798299491405487,
                    0.9600496292114258,
                    3.8700833320617676
                ],
                [
                    0.0,
                    0.0,
                    0.0,
                    1.0
                ]
            ]
        },
        {
            "file_path": "./train/r_44",
            "rotation": 0.031415926535897934,
            "transform_matrix": [
                [
                    -0.6249257326126099,
                    0.7806787490844727,
                    -0.002953433198854327,
                    -0.011905670166015625
                ],
                [
                    -0.780684232711792,
                    -0.6249212622642517,
                    0.002364177955314517,
                    0.009530305862426758
                ],
                [
                    1.1641532182693481e-10,
                    0.0037812869995832443,
                    0.9999929070472717,
                    4.031100273132324
                ],
                [
                    0.0,
                    0.0,
                    0.0,
                    1.0
                ]
            ]
        },
        {
            "file_path": "./train/r_45",
            "rotation": 0.031415926535897934,
            "transform_matrix": [
                [
                    -0.35367700457572937,
                    -0.6133960485458374,
                    0.7061571478843689,
                    2.8466107845306396
                ],
                [
                    0.9353675246238708,
                    -0.2319345921278,
