{
    "camera_angle_x": 0.6911112070083618,
    "frames": [
        {
            "file_path": "./train/r_0",
            "rotation": 0.031415926535897934,
            "transform_matrix": [
                [
                    -0.7829866409301758,
                    -0.2933350205421448,
                    0.548531174659729,
                    2.21120023727417
                ],
                [
                    0.6220386028289795,
                    -0.3692333996295929,
                    0.6904597282409668,
                    2.783332347869873
                ],
                [
                    1.4901161193847656e-08,
                    0.8818284273147583,
                    0.4715704619884491,
                    1.9009613990783691
                ],
                [
                    0.0,
                    0.0,
                    0.0,
                    1.0
                ]
            ]
        },
        {
            "file_path": "./train/r_1",
            "rotation": 0.031415926535897934,
            "transform_matrix": [
                [
                    -0.6258934140205383,
                    0.29234060645103455,
                    -0.7230452299118042,
                    -2.9146885871887207
                ],
                [
                    -0.7799087166786194,
                    -0.23460960388183594,
                    0.5802593231201172,
                    2.3391001224517822
                ],
                [
                    0.0,
                    0.9270896911621094,
                    0.37483954429626465,
                    1.5110265016555786
                ],
                [
                    0.0,
                    0.0,
                    0.0,
                    1.0
                ]
            ]
        },
        {
            "file_path": "./train/r_2",
            "rotation": 0.031415926535897934,
            "transform_matrix": [
                [
                    0.11209198832511902,
                    -0.2540765702724457,
                    0.9606665968894958,
                    3.8725712299346924
                ],
                [
                    0.9936979413032532,
                    0.028660569339990616,
                    -0.10836595296859741,
                    -0.43683716654777527
                ],
                [
                    0.0,
                    0.9667592644691467,
                    0.255687952041626,
                    1.0307111740112305
                ],
                [
                    0.0,
                    0.0,
                    0.0,
                    1.0
                ]
            ]
        },
        {
            "file_path": "./train/r_3",
            "rotation": 0.031415926535897934,
            "transform_matrix": [
                [
                    0.8574937582015991,
                    0.0933130756020546,
                    -0.505961537361145,
                    -2.0395960807800293
                ],
                [
                    -0.5144943594932556,
                    0.15552237629890442,
                    -0.8432723879814148,
                    -3.3993396759033203
                ],
                [
                    7.4505797087454084e-09,
                    0.9834151864051819,
                    0.18136851489543915,
                    0.7311198711395264
                ],
                [
                    0.0,
                    0.0,
                    0.0,
                    1.0
                ]
            ]
        },
        {
            "file_path": "./train/r_4",
            "rotation": 0.031415926535897934,
            "transform_matrix": [
                [
                    -0.8717547059059143,
                    0.10005897283554077,
                    -0.4796164929866791,
                    -1.9333959817886353
                ],
                [
                    -0.48994266986846924,
                    -0.17803487181663513,
                    0.853381335735321,
                    3.4400901794433594
                ],
                [
                    0.0,
                    0.9789236783981323,
                    0.20422588288784027,
                    0.8232608437538147
                ],
                [
                    0.0,
                    0.0,
                    0.0,
                    1.0
                ]
            ]
        },
        {
            "file_path": "./train/r_5",
            "rotation": 0.031415926535897934,
            "transform_matrix": [
                [
                    -0.050465792417526245,
                    0.9950698018074036,
                    -0.08537747710943222,
                    -0.3441676199436188
                ],
                [
                    -0.9987258315086365,
                    -0.05028105527162552,
                    0.004314139485359192,
                    0.01739085279405117
                ],
                [
                    4.656612873077393e-10,
                    0.08548665046691895,
                    0.9963393211364746,
                    4.016372203826904
                ],
                [
                    0.0,
                    0.0,
                    0.0,
                    1.0
                ]
            ]
        },
        {
            "file_path": "./train/r_6",
            "rotation": 0.031415926535897934,
            "transform_matrix": [
                [
                    0.0347825288772583,
                    -0.5334460139274597,
                    0.8451187014579773,
                    3.406782388687134
                ],
                [
                    0.9993948936462402,
                    0.018565835431218147,
                    -0.029413165524601936,
                    -0.11856826394796371
                ],
                [
                    1.8626449271863521e-09,
                    0.845630407333374,
                    0.5337689518928528,
                    2.151691436767578
                ],
                [
                    0.0,
                    0.0,
                    0.0,
                    1.0
                ]
            ]
        },
        {
            "file_path": "./train/r_7",
            "rotation": 0.031415926535897934,
            "transform_matrix": [
                [
                    0.9819219708442688,
                    0.04919932782649994,
                    -0.18278013169765472,
                    -0.7368102669715881
                ],
                [
                    -0.18928588926792145,
                    0.2552218735218048,
                    -0.9481732845306396,
                    -3.822208881378174
                ],
                [
                    0.0,
                    0.9656299352645874,
                    0.25992074608802795,
                    1.047774076461792
                ],
                [
                    0.0,
                    0.0,
                    0.0,
                    1.0
                ]
            ]
        },
        {
            "file_path": "./train/r_8",
            "rotation": 0.031415926535897934,
            "transform_matrix": [
                [
                    -0.6061822175979614,
                    -0.7104789614677429,
                    0.3574393689632416,
                    1.4408842325210571
                ],
                [
                    0.7953259944915771,
                    -0.5415134429931641,
                    0.27243342995643616,
                    1.0982142686843872
                ],
                [
                    0.0,
                    0.4494250416755676,
                    0.8933180570602417,
                    3.6010801792144775
                ],
                [
                    0.0,
                    0.0,
                    0.0,
                    1.0
                ]
            ]
        },
        {
            "file_path": "./train/r_9",
            "rotation": 0.031415926535897934,
            "transform_matrix": [
                [
                    -0.9841872453689575,
                    0.14836540818214417,
                    -0.09676346182823181,
                    -0.390065997838974
                ],
                [
                    -0.17713120579719543,
                    -0.8243569731712341,
                    0.5376430749893188,
                    2.1673085689544678
                ],
                [
                    0.0,
                    0.5462812781333923,
                    0.8376017808914185,
                    3.3764808177948
                ],
                [
                    0.0,
                    0.0,
                    0.0,
                    1.0
                ]
            ]
        },
        {
            "file_path": "./train/r_10",
            "rotation": 0.031415926535897934,
            "transform_matrix": [
                [
                    -0.5793255567550659,
                    0.16263048350811005,
                    -0.7987071871757507,
                    -3.219691753387451
                ],
                [
                    -0.8150962591171265,
                    -0.11558878421783447,
                    0.5676770806312561,
                    2.288379430770874
                ],
                [
                    7.450580596923828e-09,
                    0.9798930883407593,
                    0.19952303171157837,
                    0.8043030500411987
                ],
                [
                    0.0,
                    0.0,
                    0.0,
                    1.0
                ]
            ]
        },
        {
            "file_path": "./train/r_11",
            "rotation": 0.031415926535897934,
            "transform_matrix": [
                [
                    -0.8474509119987488,
                    0.2619110643863678,
                    -0.46176794171333313,
                    -1.8614461421966553
                ],
                [
                    -0.5308738946914673,
                    -0.41809698939323425,
                    0.7371348738670349,
                    2.9714856147766113
                ],
                [
                    0.0,
                    0.8698259592056274,
                    0.49335840344429016,
                    1.9887913465499878
                ],
                [
                    0.0,
                    0.0,
                    0.0,
                    1.0
                ]
            ]
        },
        {
            "file_path": "./train/r_12",
            "rotation": 0.031415926535897934,
            "transform_matrix": [
                [
                    -0.4911472201347351,
                    0.502685546875,
                    -0.7113940715789795,
                    -2.8677213191986084
                ],
                [
                    -0.8710767030715942,
                    -0.28343385457992554,
                    0.401111900806427,
                    1.616933822631836
                ],
                [
                    0.0,
                    0.8166837692260742,
                    0.5770854353904724,
                    2.326305866241455
                ],
                [
                    0.0,
                    0.0,
                    0.0,
                    1.0
                ]
            ]
        },
        {
            "file_path": "./train/r_13",
            "rotation": 0.031415926535897934,
            "transform_matrix": [
                [
                    -0.6739655137062073,
                    -0.4078955054283142,
                    0.6159478425979614,
                    2.4829652309417725
                ],
                [
                    0.7387627363204956,
                    -0.37211874127388,
                    0.5619227290153503,
                    2.2651829719543457
                ],
                [
                    -1.4901160305669237e-08,
                    0.8337559700012207,
                    0.5521332025527954,
                    2.225720167160034
                ],
                [
                    0.0,
                    0.0,
                    0.0,
                    1.0
                ]
            ]
        },
        {
            "file_path": "./train/r_14",
            "rotation": 0.031415926535897934,
            "transform_matrix": [
                [
                    -0.6474453210830688,
                    -0.6456007957458496,
                    0.4049866199493408,
                    1.6325533390045166
                ],
                [
                    0.7621119618415833,
                    -0.548464298248291,
                    0.3440527021884918,
                    1.3869208097457886
                ],
                [
                    1.4901161193847656e-08,
                    0.5314003825187683,
                    0.8471207618713379,
                    3.414853096008301
                ],
                [
                    0.0,
                    0.0,
                    0.0,
                    1.0
                ]
            ]
        },
        {
            "file_path": "./train/r_15",
            "rotation": 0.031415926535897934,
            "transform_matrix": [
                [
                    -0.10307673364877701,
                    0.387587308883667,
                    -0.916051983833313,
                    -3.6927237510681152
                ],
                [
                    -0.994673490524292,
                    -0.04016517102718353,
                    0.0949292778968811,
                    0.38267216086387634
                ],
                [
                    0.0,
                    0.920957624912262,
                    0.38966283202171326,
                    1.5707811117172241
                ],
                [
                    0.0,
                    0.0,
                    0.0,
                    1.0
                ]
            ]
        },
        {
            "file_path": "./train/r_16",
            "rotation": 0.031415926535897934,
            "transform_matrix": [
                [
                    -0.8386954665184021,
                    0.5362352728843689,
                    -0.09508799016475677,
                    -0.3833119571208954
                ],
                [
                    -0.5446008443832397,
                    -0.8258123397827148,
                    0.14643727242946625,
                    0.5903075337409973
                ],
                [
                    0.0,
                    0.17460106313228607,
                    0.9846391677856445,
                    3.969207525253296
                ],
                [
                    0.0,
                    0.0,
                    0.0,
                    1.0
                ]
            ]
        },
        {
            "file_path": "./train/r_17",
            "rotation": 0.031415926535897934,
            "transform_matrix": [
                [
                    -0.9505833387374878,
                    -0.13067708909511566,
                    0.28162893652915955,
                    1.1352825164794922
                ],
                [
                    0.3104695975780487,
                    -0.40010184049606323,
                    0.8622801899909973,
                    3.4759626388549805
                ],
                [
                    -7.450580596923828e-09,
                    0.9071063995361328,
                    0.42090141773223877,
                    1.696707844734192
                ],
                [
                    0.0,
                    0.0,
                    0.0,
                    1.0
                ]
            ]
        },
        {
            "file_path": "./train/r_18",
            "rotation": 0.031415926535897934,
            "transform_matrix": [
                [
                    0.5825662612915039,
                    0.7348996996879578,
                    -0.34718722105026245,
                    -1.3995563983917236
                ],
                [
                    -0.8127832412719727,
                    0.5267428755760193,
                    -0.24884812533855438,
                    -1.0031388998031616
                ],
                [
                    -2.9802322387695312e-08,
                    0.4271584749221802,
                    0.9041767716407776,
                    3.644853115081787
                ],
                [
                    0.0,
                    0.0,
                    0.0,
                    1.0
                ]
            ]
        },
        {
            "file_path": "./train/r_19",
            "rotation": 0.031415926535897934,
            "transform_matrix": [
                [
                    -0.27443790435791016,
                    0.605099081993103,
                    -0.7473546266555786,
                    -3.0126829147338867
                ],
                [
                    -0.9616048336029053,
                    -0.1726926863193512,
                    0.21329179406166077,
                    0.8598067164421082
                ],
                [
                    -1.4901161193847656e-08,
                    0.7771952152252197,
                    0.6292595267295837,
                    2.5366263389587402
                ],
                [
                    0.0,
                    0.0,
                    0.0,
                    1.0
                ]
            ]
        },
        {
            "file_path": "./train/r_20",
            "rotation": 0.031415926535897934,
            "transform_matrix": [
                [
                    0.1746450662612915,
                    0.8693097233772278,
                    -0.46238473057746887,
                    -1.863932490348816
                ],
                [
                    -0.9846314787864685,
                    0.154190331697464,
                    -0.08201363682746887,
                    -0.330607533454895
                ],
                [
                    0.0,
                    0.46960175037384033,
                    0.882878303527832,
                    3.5589962005615234
                ],
                [
                    0.0,
                    0.0,
                    0.0,
                    1.0
                ]
            ]
        },
        {
            "file_path": "./train/r_21",
            "rotation": 0.031415926535897934,
            "transform_matrix": [
                [
                    0.3055204451084137,
                    0.7391276359558105,
                    -0.600289523601532,
                    -2.419844388961792
                ],
                [
                    -0.9521857500076294,
                    0.2371581494808197,
                    -0.1926102489233017,
                    -0.7764367461204529
                ],
                [
                    0.0,
                    0.6304333209991455,
                    0.7762433290481567,
                    3.1291370391845703
                ],
                [
                    0.0,
                    0.0,
                    0.0,
                    1.0
                ]
            ]
        },
        {
            "file_path": "./train/r_22",
            "rotation": 0.031415926535897934,
            "transform_matrix": [
                [
                    0.020597420632839203,
                    -0.20578312873840332,
                    0.9783807992935181,
                    3.943979263305664
                ],
                [
                    0.9997879266738892,
                    0.004239500500261784,
                    -0.020156394690275192,
                    -0.08125302940607071
                ],
                [
                    0.0,
                    0.9785884618759155,
                    0.2058267891407013,
                    0.829714298248291
                ],
                [
                    0.0,
                    0.0,
                    0.0,
                    1.0
                ]
            ]
        },
        {
            "file_path": "./train/r_23",
            "rotation": 0.031415926535897934,
            "transform_matrix": [
                [
                    0.9594831466674805,
                    -0.07037795335054398,
                    0.2728350758552551,
                    1.0998334884643555
                ],
                [
                    0.2817659378051758,
                    0.23965443670749664,
                    -0.9290713667869568,
                    -3.745206594467163
                ],
                [
                    0.0,
                    0.9683039784431458,
                    0.2497745007276535,
                    1.0068732500076294
                ],
                [
                    0.0,
                    0.0,
                    0.0,
                    1.0
                ]
            ]
        },
        {
            "file_path": "./train/r_24",
            "rotation": 0.031415926535897934,
            "transform_matrix": [
                [
                    -0.14054816961288452,
                    -0.9698954820632935,
                    0.1988690048456192,
                    0.8016666173934937
                ],
                [
                    0.9900738596916199,
                    -0.13768370449543,
                    0.028230901807546616,
                    0.11380240321159363
                ],
                [
                    -1.862645149230957e-09,
                    0.20086270570755005,
                    0.9796193838119507,
                    3.94897198677063
                ],
                [
                    0.0,
                    0.0,
                    0.0,
                    1.0
                ]
            ]
        },
        {
            "file_path": "./train/r_25",
            "rotation": 0.031415926535897934,
            "transform_matrix": [
                [
                    0.969863772392273,
                    0.17718034982681274,
                    -0.16724669933319092,
                    -0.6741929054260254
                ],
                [
                    -0.2436479926109314,
                    0.7052831053733826,
                    -0.6657412648200989,
                    -2.6836886405944824
                ],
                [
                    0.0,
                    0.6864274740219116,
                    0.7271981835365295,
                    2.931429386138916
                ],
                [
                    0.0,
                    0.0,
                    0.0,
                    1.0
                ]
            ]
        },
        {
            "file_path": "./train/r_26",
            "rotation": 0.031415926535897934,
            "transform_matrix": [
                [
                    0.2468467652797699,
                    0.41605672240257263,
                    -0.8751934170722961,
                    -3.528017520904541
                ],
                [
                    -0.9690545797348022,
                    0.10598190873861313,
                    -0.22293755412101746,
                    -0.8986900448799133
                ],
                [
                    0.0,
                    0.9031415581703186,
                    0.42934292554855347,
                    1.7307367324829102
                ],
                [
                    0.0,
                    0.0,
                    0.0,
                    1.0
                ]
            ]
        },
        {
            "file_path": "./train/r_27",
            "rotation": 0.031415926535897934,
            "transform_matrix": [
                [
                    -0.38684505224227905,
                    0.5908485054969788,
                    -0.7079892754554749,
                    -2.8539962768554688
                ],
                [
                    -0.9221447706222534,
                    -0.24786436557769775,
                    0.2970055937767029,
                    1.197268009185791
                ],
                [
                    0.0,
                    0.7677637338638306,
                    0.6407328844070435,
                    2.5828771591186523
                ],
                [
                    0.0,
                    0.0,
                    0.0,
                    1.0
                ]
            ]
        },
        {
            "file_path": "./train/r_28",
            "rotation": 0.031415926535897934,
            "transform_matrix": [
                [
                    -0.08092018216848373,
                    0.4623362123966217,
                    -0.8830046057701111,
                    -3.5595054626464844
                ],
                [
                    -0.9967206716537476,
                    -0.037535425275564194,
                    0.0716879814863205,
                    0.2889834940433502
                ],
                [
                    -3.725290742551124e-09,
                    0.8859098553657532,
                    0.46385741233825684,
                    1.8698689937591553
                ],
                [
                    0.0,
                    0.0,
                    0.0,
                    1.0
                ]
            ]
        },
        {
            "file_path": "./train/r_29",
            "rotation": 0.031415926535897934,
            "transform_matrix": [
                [
                    -0.971787691116333,
                    -0.07390598952770233,
                    0.22397910058498383,
                    0.9028887152671814
                ],
                [
                    0.23585748672485352,
                    -0.30450984835624695,
                    0.9228460192680359,
                    3.720111608505249
                ],
                [
                    -7.450580596923828e-09,
                    0.949637770652771,
                    0.3133501410484314,
                    1.2631549835205078
                ],
                [
                    0.0,
                    0.0,
                    0.0,
                    1.0
                ]
            ]
        },
        {
            "file_path": "./train/r_30",
            "rotation": 0.031415926535897934,
            "transform_matrix": [
                [
                    -0.1689154952764511,
                    -0.8154026865959167,
                    0.5537021160125732,
                    2.2320446968078613
                ],
                [
                    0.9856305718421936,
                    -0.1397421658039093,
                    0.09489241987466812,
                    0.3825235664844513
                ],
                [
                    0.0,
                    0.5617743730545044,
                    0.8272903561592102,
                    3.334914207458496
                ],
                [
                    0.0,
                    0.0,
                    0.0,
                    1.0
                ]
            ]
        },
        {
            "file_path": "./train/r_31",
            "rotation": 0.031415926535897934,
            "transform_matrix": [
                [
                    0.9144651889801025,
                    -0.16130442917346954,
                    0.3711259365081787,
                    1.4960565567016602
                ],
                [
                    0.4046648144721985,
                    0.3645171821117401,
                    -0.8386737108230591,
                    -3.3808019161224365
                ],
                [
                    0.0,
                    0.9171194434165955,
                    0.39861246943473816,
                    1.606858253479004
                ],
                [
                    0.0,
                    0.0,
                    0.0,
                    1.0
                ]
            ]
        },
        {
            "file_path": "./train/r_32",
            "rotation": 0.031415926535897934,
            "transform_matrix": [
                [
                    0.5523728132247925,
                    -0.6561331748962402,
                    0.5141726732254028,
                    2.0726964473724365
                ],
                [
                    0.8335972428321838,
                    0.4347784221172333,
                    -0.3407100737094879,
                    -1.3734462261199951
                ],
                [
                    0.0,
                    0.6168117523193359,
                    0.7871105670928955,
                    3.1729440689086914
                ],
                [
                    0.0,
                    0.0,
                    0.0,
                    1.0
                ]
            ]
        },
        {
            "file_path": "./train/r_33",
            "rotation": 0.031415926535897934,
            "transform_matrix": [
                [
                    0.8070289492607117,
                    -0.3502558469772339,
                    0.4754210114479065,
                    1.9164834022521973
                ],
                [
                    0.5905119180679321,
                    0.47868064045906067,
                    -0.6497388482093811,
                    -2.6191811561584473
                ],
                [
                    -1.4901161193847656e-08,
                    0.8050998449325562,
                    0.5931392908096313,
                    2.3910210132598877
                ],
                [
                    0.0,
                    0.0,
                    0.0,
                    1.0
                ]
            ]
        },
        {
            "file_path": "./train/r_34",
            "rotation": 0.031415926535897934,
            "transform_matrix": [
                [
                    -0.4068181812763214,
                    0.8225433826446533,
                    -0.3973931670188904,
                    -1.6019431352615356
                ],
                [
                    -0.9135092496871948,
                    -0.3663078248500824,
                    0.17697332799434662,
                    0.7134023308753967
                ],
                [
                    1.4901162970204496e-08,
                    0.4350181818008423,
                    0.9004216194152832,
                    3.62971568107605
                ],
                [
                    0.0,
                    0.0,
                    0.0,
                    1.0
                ]
            ]
        },
        {
            "file_path": "./train/r_35",
            "rotation": 0.031415926535897934,
            "transform_matrix": [
                [
                    0.9636627435684204,
                    -0.08444660902023315,
                    0.2534225583076477,
                    1.0215790271759033
                ],
                [
                    0.2671221196651459,
                    0.3046473562717438,
                    -0.9142405390739441,
                    -3.6854214668273926
                ],
                [
                    0.0,
                    0.9487143158912659,
                    0.31613481044769287,
                    1.2743802070617676
                ],
                [
                    0.0,
                    0.0,
                    0.0,
                    1.0
                ]
            ]
        },
        {
            "file_path": "./train/r_36",
            "rotation": 0.031415926535897934,
            "transform_matrix": [
                [
                    0.9995564222335815,
                    -0.0290411077439785,
                    0.006610351614654064,
                    0.026647180318832397
                ],
                [
                    0.029783938080072403,
                    0.974626898765564,
                    -0.22184506058692932,
                    -0.894286036491394
                ],
                [
                    0.0,
                    0.22194360196590424,
                    0.9750595092773438,
                    3.9305906295776367
                ],
                [
                    0.0,
                    0.0,
                    0.0,
                    1.0
                ]
            ]
        },
        {
            "file_path": "./train/r_37",
            "rotation": 0.031415926535897934,
            "transform_matrix": [
                [
                    0.7247903347015381,
                    -0.607447624206543,
                    0.3250945508480072,
                    1.3104981184005737
                ],
                [
                    0.6889695525169373,
                    0.639029860496521,
                    -0.3419967591762543,
                    -1.3786331415176392
                ],
                [
                    -1.4901161193847656e-08,
                    0.47185614705085754,
                    0.8816754817962646,
                    3.554147720336914
                ],
                [
                    0.0,
                    0.0,
                    0.0,
                    1.0
                ]
            ]
        },
        {
            "file_path": "./train/r_38",
            "rotation": 0.031415926535897934,
            "transform_matrix": [
                [
                    0.7707723379135132,
                    -0.37729451060295105,
                    0.5133799314498901,
                    2.069500684738159
                ],
                [
                    0.6371107697486877,
                    0.4564483165740967,
                    -0.6210834980010986,
                    -2.5036675930023193
                ],
                [
                    0.0,
                    0.8057937026023865,
                    0.5921961665153503,
                    2.387219190597534
                ],
                [
                    0.0,
                    0.0,
                    0.0,
                    1.0
                ]
            ]
        },
        {
            "file_path": "./train/r_39",
            "rotation": 0.031415926535897934,
            "transform_matrix": [
                [
                    0.4305427670478821,
                    -0.6954920291900635,
                    0.5752597451210022,
                    2.318946361541748
                ],
                [
                    0.9025701284408569,
                    0.3317626416683197,
                    -0.27440962195396423,
                    -1.1061806678771973
                ],
                [
                    1.4901159417490817e-08,
                    0.6373574733734131,
                    0.7705682516098022,
                    3.106260299682617
                ],
                [
                    0.0,
                    0.0,
                    0.0,
                    1.0
                ]
            ]
        },
        {
            "file_path": "./train/r_40",
            "rotation": 0.031415926535897934,
            "transform_matrix": [
                [
                    -0.5218834280967712,
                    0.652736246585846,
                    -0.5491566061973572,
                    -2.2137210369110107
                ],
                [
                    -0.8530168533325195,
                    -0.39934995770454407,
                    0.33597898483276367,
                    1.354374647140503
                ],
                [
                    0.0,
                    0.6437816619873047,
                    0.7652091979980469,
                    3.0846569538116455
                ],
                [
                    0.0,
                    0.0,
                    0.0,
                    1.0
                ]
            ]
        },
        {
            "file_path": "./train/r_41",
            "rotation": 0.031415926535897934,
            "transform_matrix": [
                [
                    -0.8771569728851318,
                    -0.48017656803131104,
                    0.005108749959617853,
                    0.020594030618667603
                ],
                [
                    0.480203777551651,
                    -0.8771072626113892,
                    0.009331820532679558,
                    0.037617772817611694
                ],
                [
                    4.656612873077393e-10,
                    0.010633768513798714,
                    0.9999434351921082,
                    4.030900955200195
                ],
                [
                    0.0,
                    0.0,
                    0.0,
                    1.0
                ]
            ]
        },
        {
            "file_path": "./train/r_42",
            "rotation": 0.031415926535897934,
            "transform_matrix": [
                [
                    -0.7157990336418152,
                    -0.6810342073440552,
                    0.1543509066104889,
                    0.6222084164619446
                ],
                [
                    0.6983064413070679,
                    -0.6980941295623779,
                    0.1582174003124237,
                    0.6377947330474854
                ],
                [
                    0.0,
                    0.2210361808538437,
                    0.975265622138977,
                    3.9314212799072266
                ],
                [
                    0.0,
                    0.0,
                    0.0,
                    1.0
                ]
            ]
        },
        {
            "file_path": "./train/r_43",
            "rotation": 0.031415926535897934,
            "transform_matrix": [
                [
                    0.4920370578765869,
                    -0.6520302891731262,
                    0.576850175857544,
                    2.325357437133789
                ],
                [
                    0.8705743551254272,
                    0.3685188591480255,
                    -0.32602807879447937,
                    -1.3142611980438232
                ],
                [
                    1.4901161193847656e-08,
                    0.6626088619232178,
                    0.7489656209945679,
                    3.019176959991455
                ],
                [
                    0.0,
                    0.0,
                    0.0,
                    1.0
                ]
            ]
        },
        {
            "file_path": "./train/r_44",
            "rotation": 0.031415926535897934,
            "transform_matrix": [
                [
                    0.7763387560844421,
                    -0.3128456473350525,
                    0.5471981763839722,
                    2.2058265209198
                ],
                [
                    0.6303160190582275,
                    0.3853212594985962,
                    -0.6739652752876282,
                    -2.716840982437134
                ],
                [
                    1.4901162970204496e-08,
                    0.8681331276893616,
                    0.4963313937187195,
                    2.0007758140563965
                ],
                [
                    0.0,
                    0.0,
                    0.0,
                    1.0
                ]
            ]
        },
        {
            "file_path": "./train/r_45",
            "rotation": 0.031415926535897934,
            "transform_matrix": [
                [
                    -0.7543625831604004,
                    -0.47840261459350586,
                    0.4495198726654053,
                    1.8120726346969604
                ],
                [
                    0.6564580798149109,
                    -0.5497518181800842,
                    0.5165614485740662,
